1407618770 1 0 0 0 0 0 0 0 0 0 0 0 0 0 0
1407621505 2 0 0 0 0 0 0 0 0 0 0 0 0 0 0
1407621822 3 0 0 0 0 0 0 0 0 0 0 0 0 0 0
1407622153 4 0 0 0 0 0 0 0 0 0 0 0 0 0 0
1407622316 5 0 0 0 0 0 0 0 0 0 0 0 0 0 0
1407624510 6 0 0 0 0 0 0 0 0 0 0 0 0 0 0
1407625621 7 0 0 0 0 0 0 0 0 0 0 0 0 0 0
1407625658 8 0 0 0 0 0 0 0 0 0 0 0 0 0 0
1407625776 9 0 0 0 0 0 0 0 0 0 0 0 0 0 0
1407626530 10 0 0 0 0 0 0 0 0 0 0 0 0 0 0
1407630638 11 0 0 0 0 0 0 0 0 0 0 0 0 0 0
1407693647 12 0 0 0 0 0 0 0 0 0 0 0 0 0 0
1407693756 13 0 0 0 0 0 0 0 0 0 0 0 0 0 0
1407715522 14 0 0 0 0 0 0 0 0 0 0 0 0 0 0
1407715584 15 0 0 0 0 0 0 0 0 0 0 0 0 0 0
1407716156 16 0 0 0 0 0 0 0 0 0 0 0 0 0 0
1407717010 17 0 0 0 0 0 0 0 0 0 0 0 0 0 0
1407870070 18 0 0 0 0 0 0 0 0 0 0 0 0 0 0
1407890353 19 0 0 0 0 0 0 0 0 0 0 0 0 0 0
1407899425 20 0 0 0 0 0 0 0 0 0 0 0 0 0 0
1407983548 21 0 0 0 0 0 0 0 0 0 0 0 0 0 0
1408321928 22 0 0 0 0 0 0 0 0 0 0 0 0 0 0
1408322368 23 0 0 0 0 0 0 0 0 0 0 0 0 0 0
1408322565 24 0 0 0 0 0 0 0 0 0 0 0 0 0 0
1408400733 25 0 0 0 0 0 0 0 0 0 0 0 0 0 0
1408401730 26 0 0 0 0 0 0 0 0 0 0 0 0 0 0
1408415745 27 0 0 0 0 0 0 0 0 0 0 0 0 0 0
1408420026 28 0 0 0 0 0 0 0 0 0 0 0 0 0 0
1408424487 29 0 0 0 0 0 0 0 0 0 0 0 0 0 0
1408424587 30 0 0 0 0 0 0 0 0 0 0 0 0 0 0
1408424798 31 0 0 0 0 0 0 0 0 0 0 0 0 0 0
1408425009 32 0 0 0 0 0 0 0 0 0 0 0 0 0 0
1408425112 33 0 0 0 0 0 0 0 0 0 0 0 0 0 0
1408425169 34 0 0 0 0 0 0 0 0 0 0 0 0 0 0
1408426718 35 0 0 0 0 0 0 0 0 0 0 0 0 0 0
1408426869 36 0 0 0 0 0 0 0 0 0 0 0 0 0 0
1408426979 37 0 0 0 0 0 0 0 0 0 0 0 0 0 0
1408427218 38 0 0 0 0 0 0 0 0 0 0 0 0 0 0
1408490336 39 0 0 0 0 0 0 0 0 0 0 0 0 0 0
1408491242 40 0 0 0 0 0 0 0 0 0 0 0 0 0 0
1408492954 41 0 0 0 0 0 0 0 0 0 0 0 0 0 0
1408497313 42 0 0 0 0 0 0 0 0 0 0 0 0 0 0
1408498399 43 0 0 0 0 0 0 0 0 0 0 0 0 0 0
1408567787 43 0 0 1 0 0 0 0 0 0 0 0 0 0 0
1408568608 43 0 0 2 0 0 0 0 0 0 0 0 0 0 0
1408575933 44 0 0 2 0 0 0 0 0 0 0 0 0 0 0
1408589812 45 0 0 2 0 0 0 0 0 0 0 0 0 0 0
1408595701 46 0 0 2 0 0 0 0 0 0 0 0 0 0 0
1408620391 47 0 0 2 0 0 0 0 0 0 0 0 0 0 0
1408626458 48 0 0 2 0 0 0 0 0 0 0 0 0 0 0
1408626796 49 0 0 2 0 0 0 0 0 0 0 0 0 0 0
1408628941 50 0 0 2 0 0 0 0 0 0 0 0 0 0 0
1408629142 51 0 0 2 0 0 0 0 0 0 0 0 0 0 0
1408630931 52 0 0 2 0 0 0 0 0 0 0 0 0 0 0
1408631239 53 0 0 2 0 0 0 0 0 0 0 0 0 0 0
1408631336 54 0 0 2 0 0 0 0 0 0 0 0 0 0 0
1408642513 54 0 0 3 0 0 0 0 0 0 0 0 0 0 0
1408643254 55 0 0 3 0 0 0 0 0 0 0 0 0 0 0
1408651559 55 0 0 4 0 0 0 0 0 0 0 0 0 0 0
1408651701 55 0 0 5 0 0 0 0 0 0 0 0 0 0 0
1408666240 56 0 0 5 0 0 0 0 0 0 0 0 0 0 0
1408666949 57 0 0 5 0 0 0 0 0 0 0 0 0 0 0
1408667184 58 0 0 5 0 0 0 0 0 0 0 0 0 0 0
1408675192 59 0 0 5 0 0 0 0 0 0 0 0 0 0 0
1408719676 59 0 0 6 0 0 0 0 0 0 0 0 0 0 0
1408731770 59 0 0 7 0 0 0 0 0 0 0 0 0 0 0
1408731855 59 0 0 8 0 0 0 0 0 0 0 0 0 0 0
1408732464 59 0 0 9 0 0 0 0 0 0 0 0 0 0 0
1408792070 60 0 0 9 0 0 0 0 0 0 0 0 0 0 0
1408792723 61 0 0 9 0 0 0 0 0 0 0 0 0 0 0
1408792879 62 0 0 9 0 0 0 0 0 0 0 0 0 0 0
1408793914 63 0 0 9 0 0 0 0 0 0 0 0 0 0 0
1408794001 64 0 0 9 0 0 0 0 0 0 0 0 0 0 0
1408810179 65 0 0 9 0 0 0 0 0 0 0 0 0 0 0
1408813872 66 0 0 9 0 0 0 0 0 0 0 0 0 0 0
1408813912 67 0 0 9 0 0 0 0 0 0 0 0 0 0 0
1408894532 68 0 0 9 0 0 0 0 0 0 0 0 0 0 0
1408917044 69 0 0 9 0 0 0 0 0 0 0 0 0 0 0
1408917293 70 0 0 9 0 0 0 0 0 0 0 0 0 0 0
1408920375 71 0 0 9 0 0 0 0 0 0 0 0 0 0 0
1409206923 72 0 0 9 0 0 0 0 0 0 0 0 0 0 0
1409207727 73 0 0 9 0 0 0 0 0 0 0 0 0 0 0
1409207779 74 0 0 9 0 0 0 0 0 0 0 0 0 0 0
1409207879 75 0 0 9 0 0 0 0 0 0 0 0 0 0 0
1409236939 75 0 0 10 0 0 0 0 0 0 0 0 0 0 0
1409237034 75 0 0 11 0 0 0 0 0 0 0 0 0 0 0
1409237051 75 0 0 12 0 0 0 0 0 0 0 0 0 0 0
1409243343 75 0 0 13 0 0 0 0 0 0 0 0 0 0 0
1409243813 76 0 0 13 0 0 0 0 0 0 0 0 0 0 0
1409407020 77 0 0 13 0 0 0 0 0 0 0 0 0 0 0
1409407580 78 0 0 13 0 0 0 0 0 0 0 0 0 0 0
1409408045 79 0 0 13 0 0 0 0 0 0 0 0 0 0 0
1409409861 80 0 0 13 0 0 0 0 0 0 0 0 0 0 0
1409428079 81 0 0 13 0 0 0 0 0 0 0 0 0 0 0
1409428109 82 0 0 13 0 0 0 0 0 0 0 0 0 0 0
1409508198 83 0 0 13 0 0 0 0 0 0 0 0 0 0 0
1409510423 84 0 0 13 0 0 0 0 0 0 0 0 0 0 0
1409511356 85 0 0 13 0 0 0 0 0 0 0 0 0 0 0
1409511854 86 0 0 13 0 0 0 0 0 0 0 0 0 0 0
1409739302 87 0 0 13 0 0 0 0 0 0 0 0 0 0 0
1409788597 88 0 0 13 0 0 0 0 0 0 0 0 0 0 0
1409795088 89 0 0 13 0 0 0 0 0 0 0 0 0 0 0
1409850990 89 0 0 14 0 0 0 0 0 0 0 0 0 0 0
1409975854 90 0 0 14 0 0 0 0 0 0 0 0 0 0 0
1409975985 91 0 0 14 0 0 0 0 0 0 0 0 0 0 0
1409976330 92 0 0 14 0 0 0 0 0 0 0 0 0 0 0
1410002498 93 0 0 14 0 0 0 0 0 0 0 0 0 0 0
1410002629 94 0 0 14 0 0 0 0 0 0 0 0 0 0 0
1410002899 95 0 0 14 0 0 0 0 0 0 0 0 0 0 0
1410003112 96 0 0 14 0 0 0 0 0 0 0 0 0 0 0
1410003615 97 0 0 14 0 0 0 0 0 0 0 0 0 0 0
1410003737 98 0 0 14 0 0 0 0 0 0 0 0 0 0 0
1410004326 99 0 0 14 0 0 0 0 0 0 0 0 0 0 0
1410004455 100 0 0 14 0 0 0 0 0 0 0 0 0 0 0
1410009715 101 0 0 14 0 0 0 0 0 0 0 0 0 0 0
1410009813 102 0 0 14 0 0 0 0 0 0 0 0 0 0 0
1410009917 103 0 0 14 0 0 0 0 0 0 0 0 0 0 0
1410010094 104 0 0 14 0 0 0 0 0 0 0 0 0 0 0
1410010280 105 0 0 14 0 0 0 0 0 0 0 0 0 0 0
1410010641 106 0 0 14 0 0 0 0 0 0 0 0 0 0 0
1410010745 107 0 0 14 0 0 0 0 0 0 0 0 0 0 0
1410012436 108 0 0 14 0 0 0 0 0 0 0 0 0 0 0
1410013321 109 0 0 14 0 0 0 0 0 0 0 0 0 0 0
1410013510 110 0 0 14 0 0 0 0 0 0 0 0 0 0 0
1410013640 111 0 0 14 0 0 0 0 0 0 0 0 0 0 0
1410106869 112 0 0 14 0 0 0 0 0 0 0 0 0 0 0
1410107232 113 0 0 14 0 0 0 0 0 0 0 0 0 0 0
1410108871 114 0 0 14 0 0 0 0 0 0 0 0 0 0 0
1410108974 115 0 0 14 0 0 0 0 0 0 0 0 0 0 0
1410111324 116 0 0 14 0 0 0 0 0 0 0 0 0 0 0
1410111915 117 0 0 14 0 0 0 0 0 0 0 0 0 0 0
1410112157 118 0 0 14 0 0 0 0 0 0 0 0 0 0 0
1410112484 119 0 0 14 0 0 0 0 0 0 0 0 0 0 0
1410112708 120 0 0 14 0 0 0 0 0 0 0 0 0 0 0
1410113110 121 0 0 14 0 0 0 0 0 0 0 0 0 0 0
1410113317 122 0 0 14 0 0 0 0 0 0 0 0 0 0 0
1410114433 123 0 0 14 0 0 0 0 0 0 0 0 0 0 0
1410114539 124 0 0 14 0 0 0 0 0 0 0 0 0 0 0
1410116645 125 0 0 14 0 0 0 0 0 0 0 0 0 0 0
1410116909 126 0 0 14 0 0 0 0 0 0 0 0 0 0 0
1410117217 127 0 0 14 0 0 0 0 0 0 0 0 0 0 0
1410117306 128 0 0 14 0 0 0 0 0 0 0 0 0 0 0
1410119162 129 0 0 14 0 0 0 0 0 0 0 0 0 0 0
1410119446 130 0 0 14 0 0 0 0 0 0 0 0 0 0 0
1410119555 131 0 0 14 0 0 0 0 0 0 0 0 0 0 0
1410131126 132 0 0 14 0 0 0 0 0 0 0 0 0 0 0
1410190622 133 0 0 14 0 0 0 0 0 0 0 0 0 0 0
1410197632 133 0 0 15 0 0 0 0 0 0 0 0 0 0 0
1410380818 134 0 0 15 0 0 0 0 0 0 0 0 0 0 0
1410522057 135 0 0 15 0 0 0 0 0 0 0 0 0 0 0
1411598411 136 0 0 15 0 0 0 0 0 0 0 0 0 0 0
1411598597 137 0 0 15 0 0 0 0 0 0 0 0 0 0 0
1411838474 138 0 0 15 0 0 0 0 0 0 0 0 0 0 0
1411839778 139 0 0 15 0 0 0 0 0 0 0 0 0 0 0
1411914774 140 0 0 15 0 0 0 0 0 0 0 0 0 0 0
1412042062 141 0 0 15 0 0 0 0 0 0 0 0 0 0 0
1412042799 142 0 0 15 0 0 0 0 0 0 0 0 0 0 0
1412083554 142 0 0 15 0 0 1 0 0 0 0 0 0 0 0
1412194470 143 0 0 15 0 0 1 0 0 0 0 0 0 0 0
1412194807 145 0 0 15 0 0 1 0 0 0 0 0 0 0 0
1412196170 146 0 0 15 0 0 1 0 0 0 0 0 0 0 0
1412267550 147 0 0 15 0 0 1 0 0 0 0 0 0 0 0
1412267948 148 0 0 15 0 0 1 0 0 0 0 0 0 0 0
1412350699 149 0 0 15 0 0 1 0 0 0 0 0 0 0 0
1412353923 150 0 0 15 0 0 1 0 0 0 0 0 0 0 0
1412550995 151 0 0 15 0 0 1 0 0 0 0 0 0 0 0
1412551531 152 0 0 15 0 0 1 0 0 0 0 0 0 0 0
1412616419 153 0 0 15 0 0 1 0 0 0 0 0 0 0 0
1412619323 154 0 0 15 0 0 1 0 0 0 0 0 0 0 0
1412619352 155 0 0 15 0 0 1 0 0 0 0 0 0 0 0
1412624331 155 0 0 16 0 0 1 0 0 0 0 0 0 0 0
1412682222 156 0 0 16 0 0 1 0 0 0 0 0 0 0 0
1412682898 157 0 0 16 0 0 1 0 0 0 0 0 0 0 0
1412791320 157 0 0 16 0 0 2 0 0 0 0 0 0 0 0
1412802226 157 0 0 16 0 0 3 0 0 0 0 0 0 0 0
1412877116 157 0 0 16 0 0 4 0 0 0 0 0 0 0 0
1412892832 157 0 0 16 0 0 5 0 0 0 0 0 0 0 0
1412940220 158 0 0 16 0 0 5 0 0 0 0 0 0 0 0
1412942958 159 0 0 16 0 0 5 0 0 0 0 0 0 0 0
1412947503 159 0 0 16 0 0 6 0 0 0 0 0 0 0 0
1412963049 159 0 0 16 0 0 7 0 0 0 0 0 0 0 0
1412963319 159 0 0 16 0 0 8 0 0 0 0 0 0 0 0
1412974769 160 0 0 16 0 0 8 0 0 0 0 0 0 0 0
1413002177 161 0 0 16 0 0 8 0 0 0 0 0 0 0 0
1413048649 162 0 0 16 0 0 8 0 0 0 0 0 0 0 0
1413111875 163 0 0 16 0 0 8 0 0 0 0 0 0 0 0
1413112402 164 0 0 16 0 0 8 0 0 0 0 0 0 0 0
1413143638 165 0 0 16 0 0 8 0 0 0 0 0 0 0 0
1413143664 166 0 0 16 0 0 8 0 0 0 0 0 0 0 0
1413192187 167 0 0 16 0 0 8 0 0 0 0 0 0 0 0
1413247618 168 0 0 16 0 0 8 0 0 0 0 0 0 0 0
1413247818 169 0 0 16 0 0 8 0 0 0 0 0 0 0 0
1413279015 170 0 0 16 0 0 8 0 0 0 0 0 0 0 0
1413283446 171 0 0 16 0 0 8 0 0 0 0 0 0 0 0
1413284602 172 0 0 16 0 0 8 0 0 0 0 0 0 0 0
1413285790 173 0 0 16 0 0 8 0 0 0 0 0 0 0 0
1413426186 174 0 0 16 0 0 8 0 0 0 0 0 0 0 0
1413426599 175 0 0 16 0 0 8 0 0 0 0 0 0 0 0
1413620579 176 0 0 16 0 0 8 0 0 0 0 0 0 0 0
1413620740 177 0 0 16 0 0 8 0 0 0 0 0 0 0 0
1413620879 178 0 0 16 0 0 8 0 0 0 0 0 0 0 0
1413620989 179 0 0 16 0 0 8 0 0 0 0 0 0 0 0
1413621027 180 0 0 16 0 0 8 0 0 0 0 0 0 0 0
1413621061 181 0 0 16 0 0 8 0 0 0 0 0 0 0 0
1413621437 182 0 0 16 0 0 8 0 0 0 0 0 0 0 0
1413622209 183 0 0 16 0 0 8 0 0 0 0 0 0 0 0
1413622557 184 0 0 16 0 0 8 0 0 0 0 0 0 0 0
1413622593 185 0 0 16 0 0 8 0 0 0 0 0 0 0 0
1413622641 186 0 0 16 0 0 8 0 0 0 0 0 0 0 0
1413629602 187 0 0 16 0 0 8 0 0 0 0 0 0 0 0
1413629763 188 0 0 16 0 0 8 0 0 0 0 0 0 0 0
1413629911 189 0 0 16 0 0 8 0 0 0 0 0 0 0 0
1413631033 190 0 0 16 0 0 8 0 0 0 0 0 0 0 0
1413631346 191 0 0 16 0 0 8 0 0 0 0 0 0 0 0
1413725920 192 0 0 16 0 0 8 0 0 0 0 0 0 0 0
1413726022 193 0 0 16 0 0 8 0 0 0 0 0 0 0 0
1413742826 194 0 0 16 0 0 8 0 0 0 0 0 0 0 0
1413742995 195 0 0 16 0 0 8 0 0 0 0 0 0 0 0
1413743089 196 0 0 16 0 0 8 0 0 0 0 0 0 0 0
1413743643 197 0 0 16 0 0 8 0 0 0 0 0 0 0 0
1413743810 198 0 0 16 0 0 8 0 0 0 0 0 0 0 0
1413744036 199 0 0 16 0 0 8 0 0 0 0 0 0 0 0
1413744435 200 0 0 16 0 0 8 0 0 0 0 0 0 0 0
1413765098 201 0 0 16 0 0 8 0 0 0 0 0 0 0 0
1413765890 202 0 0 16 0 0 8 0 0 0 0 0 0 0 0
1413766498 203 0 0 16 0 0 8 0 0 0 0 0 0 0 0
1413766850 204 0 0 16 0 0 8 0 0 0 0 0 0 0 0
1413767120 205 0 0 16 0 0 8 0 0 0 0 0 0 0 0
1413767812 206 0 0 16 0 0 8 0 0 0 0 0 0 0 0
1413884804 207 0 0 16 0 0 8 0 0 0 0 0 0 0 0
1413884883 208 0 0 16 0 0 8 0 0 0 0 0 0 0 0
1413885471 209 0 0 16 0 0 8 0 0 0 0 0 0 0 0
1413885712 210 0 0 16 0 0 8 0 0 0 0 0 0 0 0
1413972293 211 0 0 16 0 0 8 0 0 0 0 0 0 0 0
1414270956 212 0 0 16 0 0 8 0 0 0 0 0 0 0 0
1414271176 213 0 0 16 0 0 8 0 0 0 0 0 0 0 0
1414271629 214 0 0 16 0 0 8 0 0 0 0 0 0 0 0
1414288923 214 1 0 16 0 0 8 0 0 0 0 0 0 0 0
1414296976 214 2 0 16 0 0 8 0 0 0 0 0 0 0 0
1414383540 214 3 0 16 0 0 8 0 0 0 0 0 0 0 0
1414466066 214 4 0 16 0 0 8 0 0 0 0 0 0 0 0
1414497178 215 4 0 16 0 0 8 0 0 0 0 0 0 0 0
1414574061 216 4 0 16 0 0 8 0 0 0 0 0 0 0 0
1414575910 217 4 0 16 0 0 8 0 0 0 0 0 0 0 0
1414576802 218 4 0 16 0 0 8 0 0 0 0 0 0 0 0
1414577955 219 4 0 16 0 0 8 0 0 0 0 0 0 0 0
1414578320 220 4 0 16 0 0 8 0 0 0 0 0 0 0 0
1414579026 221 4 0 16 0 0 8 0 0 0 0 0 0 0 0
1414857235 222 4 0 16 0 0 8 0 0 0 0 0 0 0 0
1414858213 223 4 0 16 0 0 8 0 0 0 0 0 0 0 0
1414859734 224 4 0 16 0 0 8 0 0 0 0 0 0 0 0
1414860383 225 4 0 16 0 0 8 0 0 0 0 0 0 0 0
1414879935 226 4 0 16 0 0 8 0 0 0 0 0 0 0 0
1414880382 227 4 0 16 0 0 8 0 0 0 0 0 0 0 0
1414880595 228 4 0 16 0 0 8 0 0 0 0 0 0 0 0
1414880802 229 4 0 16 0 0 8 0 0 0 0 0 0 0 0
1414881016 230 4 0 16 0 0 8 0 0 0 0 0 0 0 0
1414881311 231 4 0 16 0 0 8 0 0 0 0 0 0 0 0
1414977492 232 4 0 16 0 0 8 0 0 0 0 0 0 0 0
1414979256 233 4 0 16 0 0 8 0 0 0 0 0 0 0 0
1414991380 234 4 0 16 0 0 8 0 0 0 0 0 0 0 0
1415013617 235 4 0 16 0 0 8 0 0 0 0 0 0 0 0
1415013693 236 4 0 16 0 0 8 0 0 0 0 0 0 0 0
1415029865 236 5 0 16 0 0 8 0 0 0 0 0 0 0 0
1415055773 236 6 0 16 0 0 8 0 0 0 0 0 0 0 0
1415267194 237 6 0 16 0 0 8 0 0 0 0 0 0 0 0
1415271677 238 6 0 16 0 0 8 0 0 0 0 0 0 0 0
1415271743 239 6 0 16 0 0 8 0 0 0 0 0 0 0 0
1415304016 239 7 0 16 0 0 8 0 0 0 0 0 0 0 0
1415304058 239 8 0 16 0 0 8 0 0 0 0 0 0 0 0
1415305041 239 9 0 16 0 0 8 0 0 0 0 0 0 0 0
1415340653 239 10 0 16 0 0 8 0 0 0 0 0 0 0 0
1415342173 239 11 0 16 0 0 8 0 0 0 0 0 0 0 0
1415375007 239 12 0 16 0 0 8 0 0 0 0 0 0 0 0
1415376852 240 12 0 16 0 0 8 0 0 0 0 0 0 0 0
1415452917 241 12 0 16 0 0 8 0 0 0 0 0 0 0 0
1415454999 242 12 0 16 0 0 8 0 0 0 0 0 0 0 0
1415456927 243 12 0 16 0 0 8 0 0 0 0 0 0 0 0
1415458072 244 12 0 16 0 0 8 0 0 0 0 0 0 0 0
1415475523 245 12 0 16 0 0 8 0 0 0 0 0 0 0 0
1415476231 246 12 0 16 0 0 8 0 0 0 0 0 0 0 0
1415476241 247 12 0 16 0 0 8 0 0 0 0 0 0 0 0
1415476252 248 12 0 16 0 0 8 0 0 0 0 0 0 0 0
1415479224 249 12 0 16 0 0 8 0 0 0 0 0 0 0 0
1415479522 250 12 0 16 0 0 8 0 0 0 0 0 0 0 0
1415485940 250 13 0 16 0 0 8 0 0 0 0 0 0 0 0
1415491805 250 14 0 16 0 0 8 0 0 0 0 0 0 0 0
1415493543 250 15 0 16 0 0 8 0 0 0 0 0 0 0 0
1415494781 250 16 0 16 0 0 8 0 0 0 0 0 0 0 0
1415542127 250 17 0 16 0 0 8 0 0 0 0 0 0 0 0
1415542508 251 17 0 16 0 0 8 0 0 0 0 0 0 0 0
1415542773 252 17 0 16 0 0 8 0 0 0 0 0 0 0 0
1415542801 253 17 0 16 0 0 8 0 0 0 0 0 0 0 0
1415545117 253 17 0 16 1 0 8 0 0 0 0 0 0 0 0
1415547843 253 17 0 16 2 0 8 0 0 0 0 0 0 0 0
1415555721 253 17 0 16 3 0 8 0 0 0 0 0 0 0 0
1415557276 253 17 0 16 4 0 8 0 0 0 0 0 0 0 0
1415559332 253 17 0 16 5 0 8 0 0 0 0 0 0 0 0
1415564731 253 17 0 16 5 0 8 0 0 0 0 0 0 1 0
1415633176 253 17 0 16 6 0 8 0 0 0 0 0 0 1 0
1415634949 254 17 0 16 6 0 8 0 0 0 0 0 0 1 0
1415673361 254 17 0 16 6 0 8 0 0 1 0 0 0 1 0
1415673370 254 17 0 16 6 0 8 0 0 2 0 0 0 1 0
1415675416 254 17 4 16 6 0 8 0 0 3 0 0 0 1 0
1415711710 254 17 9 16 6 0 8 0 0 3 0 0 0 1 0
1415718381 254 17 10 16 6 0 8 0 0 3 0 0 0 1 0
1415718832 254 17 11 16 6 0 8 0 0 3 0 0 0 1 0
1415793699 255 17 11 16 6 0 8 0 0 3 0 0 0 1 0
1415820823 255 17 11 16 6 0 8 0 0 4 0 0 0 1 0
1415823541 256 17 11 16 6 0 8 0 0 4 0 0 0 1 0
1415868696 257 17 11 16 6 0 8 0 0 4 0 0 0 1 0
1415877106 258 17 11 16 6 0 8 0 0 4 0 0 0 1 0
1415879621 259 17 11 16 6 0 8 0 0 4 0 0 0 1 0
1415895324 260 17 11 16 6 0 8 0 0 4 0 0 0 1 0
1415911734 260 17 11 17 6 0 8 0 0 4 0 0 0 1 0
1415916718 260 17 11 18 6 0 8 0 0 4 0 0 0 1 0
1416113004 260 18 11 18 6 0 8 0 0 4 0 0 0 1 0
1416194480 260 19 11 18 6 0 8 0 0 4 0 0 0 1 0
1416236032 260 20 11 18 6 0 8 0 0 4 0 0 0 1 0
1416238051 261 20 11 18 6 0 8 0 0 4 0 0 0 1 0
1416307721 262 20 11 18 6 0 8 0 0 4 0 0 0 1 0
1416308629 263 20 11 18 6 0 8 0 0 4 0 0 0 1 0
1416311984 264 20 11 18 6 0 8 0 0 4 0 0 0 1 0
1416312328 265 20 11 18 6 0 8 0 0 4 0 0 0 1 0
1416312616 266 20 11 18 6 0 8 0 0 4 0 0 0 1 0
1416393415 267 20 11 18 6 0 8 0 0 4 0 0 0 1 0
1416396603 268 20 11 18 6 0 8 0 0 4 0 0 0 1 0
1416398017 269 20 11 18 6 0 8 0 0 4 0 0 0 1 0
1416400060 270 20 11 18 6 0 8 0 0 4 0 0 0 1 0
1416427067 270 20 11 19 6 0 8 0 0 4 0 0 0 1 0
1416514298 270 21 11 19 6 0 8 0 0 4 0 0 0 1 0
1416589957 270 22 11 19 6 0 8 0 0 4 0 0 0 1 0
1416593691 270 23 11 19 6 0 8 0 0 4 0 0 0 1 0
1416667816 271 23 11 19 6 0 8 0 0 4 0 0 0 1 0
1416668164 272 23 11 19 6 0 8 0 0 4 0 0 0 1 0
1416703930 272 23 11 20 6 0 8 0 0 4 0 0 0 1 0
1416757819 272 23 11 20 6 0 8 0 0 5 0 0 0 1 0
1416762355 272 24 11 20 6 0 8 0 0 5 0 0 0 1 0
1416762410 272 25 11 20 6 0 8 0 0 5 0 0 0 1 0
1416769631 273 25 11 20 6 0 8 0 0 5 0 0 0 1 0
1416795542 273 25 11 20 6 0 8 0 0 6 0 0 0 1 0
1416795570 273 25 11 20 6 0 8 0 0 7 0 0 0 1 0
1416826731 274 25 11 20 6 0 8 0 0 7 0 0 0 1 0
1416926990 274 25 11 20 6 0 8 1 0 7 0 0 0 1 0
1416927081 274 25 11 20 6 0 8 2 0 7 0 0 0 1 0
1416938801 275 25 11 20 6 0 8 2 0 7 0 0 0 1 0
1416984017 275 25 11 20 6 0 8 2 0 7 0 0 1 1 0
1416994586 276 25 11 20 6 0 8 2 0 7 0 0 1 1 0
1417002911 277 25 11 20 6 0 8 2 0 7 0 0 1 1 0
1417004290 278 25 11 20 6 0 8 2 0 7 0 0 1 1 0
1417016434 278 25 11 20 6 0 8 3 0 7 0 0 1 1 0
1417016482 278 25 11 20 6 0 8 4 0 7 0 0 1 1 0
1417017200 278 25 11 20 6 0 8 5 0 7 0 0 1 1 0
1417018024 278 25 11 20 6 0 8 6 0 7 0 0 1 1 0
1417031769 279 25 11 20 6 0 8 6 0 7 0 0 1 1 0
1417040035 279 25 11 20 6 0 8 6 0 7 0 0 2 1 0
1417110812 280 25 11 20 6 0 8 6 0 7 0 0 2 1 0
1417111359 281 25 11 20 6 0 8 6 0 7 0 0 2 1 0
1417111430 282 25 11 20 6 0 8 6 0 7 0 0 2 1 0
1417112021 283 25 11 20 6 0 8 6 0 7 0 0 2 1 0
1417112470 284 25 11 20 6 0 8 6 0 7 0 0 2 1 0
1417113158 285 25 11 20 6 0 8 6 0 7 0 0 2 1 0
1417114056 286 25 11 20 6 0 8 6 0 7 0 0 2 1 0
1417288833 287 25 11 20 6 0 8 6 0 7 0 0 2 1 0
1417289386 288 25 11 20 6 0 8 6 0 7 0 0 2 1 0
1417312454 289 25 11 20 6 0 8 6 0 7 0 0 2 1 0
1417370766 290 25 11 20 6 0 8 6 0 7 0 0 2 1 0
1417372909 291 25 11 20 6 0 8 6 0 7 0 0 2 1 0
1417471674 291 25 11 20 6 0 8 7 0 7 0 0 2 1 0
1417530630 291 25 11 20 6 0 8 8 0 7 0 0 2 1 0
1417543224 291 25 11 20 7 0 8 8 0 7 0 0 2 1 0
1417543563 291 25 11 20 8 0 8 8 0 7 0 0 2 1 0
1417566885 292 25 11 20 8 0 8 8 0 7 0 0 2 1 0
1417577104 293 25 11 20 8 0 8 8 0 7 0 0 2 1 0
1417577358 294 25 11 20 8 0 8 8 0 7 0 0 2 1 0
1417577773 294 25 11 21 8 0 8 8 0 7 0 0 2 1 0
1417604580 295 25 11 21 8 0 8 8 0 7 0 0 2 1 0
1417607439 296 25 11 21 8 0 8 8 0 7 0 0 2 1 0
1417623599 296 25 11 22 8 0 8 8 0 7 0 0 2 1 0
1417650631 297 25 11 22 8 0 8 8 0 7 0 0 2 1 0
1417877773 297 26 11 22 8 0 8 8 0 7 0 0 2 1 0
1417877850 297 27 11 22 8 0 8 8 0 7 0 0 2 1 0
1417882711 297 27 11 22 9 0 8 8 0 7 0 0 2 1 0
1417958315 297 27 11 22 9 0 8 8 1 7 0 0 2 1 0
1417970189 297 27 11 22 10 0 8 8 1 7 0 0 2 1 0
1418278901 297 28 11 22 10 0 8 8 1 7 0 0 2 1 0
1418333345 297 29 11 22 10 0 8 8 1 7 0 0 2 1 0
1418355199 297 30 11 22 10 0 8 8 1 7 0 0 2 1 0
1418402096 297 31 11 22 10 0 8 8 1 7 0 0 2 1 0
1418420311 298 31 11 22 10 0 8 8 1 7 0 0 2 1 0
1419028612 298 32 11 22 10 0 8 8 1 7 0 0 2 1 0
1419048987 298 33 11 22 10 0 8 8 1 7 0 0 2 1 0
1419142993 298 33 11 22 11 0 8 8 1 7 0 0 2 1 0
1419144646 298 33 11 22 12 0 8 8 1 7 0 0 2 1 0
1419177720 298 33 11 22 13 0 8 8 1 7 0 0 2 1 0
1419366974 298 34 11 22 13 0 8 8 1 7 0 0 2 1 0
1419378604 299 34 11 22 13 0 8 8 1 7 0 0 2 1 0
1419759169 299 34 12 22 13 0 8 8 1 7 0 0 2 1 0
1419786874 299 34 13 22 13 0 8 8 1 7 0 0 2 1 0
1419787356 299 34 14 22 13 0 8 8 1 7 0 0 2 1 0
1419788308 299 34 15 22 13 0 8 8 1 7 0 0 2 1 0
1420184959 299 34 16 22 13 0 8 8 1 7 0 0 2 1 0
1420185293 299 34 17 22 13 0 8 8 1 7 0 0 2 1 0
1420195469 299 34 18 22 13 0 8 8 1 7 0 0 2 1 0
1420198301 299 34 19 22 13 0 8 8 1 7 0 0 2 1 0
1420198771 299 34 20 22 13 0 8 8 1 7 0 0 2 1 0
1420199206 299 34 21 22 13 0 8 8 1 7 0 0 2 1 0
1420201108 299 34 22 22 13 0 8 8 1 7 0 0 2 1 0
1420205329 299 34 23 22 13 0 8 8 1 7 0 0 2 1 0
1420227053 299 34 23 22 14 0 8 8 1 7 0 0 2 1 0
1420272177 299 34 24 22 14 0 8 8 1 7 0 0 2 1 0
1420294603 299 34 25 22 14 0 8 8 1 7 0 0 2 1 0
1420301195 299 34 26 22 14 0 8 8 1 7 0 0 2 1 0
1420350512 299 34 27 22 14 0 8 8 1 7 0 0 2 1 0
1421262077 299 34 27 22 14 0 8 8 2 7 0 0 2 1 0
1421268170 299 34 27 22 14 0 8 8 3 7 0 0 2 1 0
1421268566 299 34 27 22 14 0 8 8 4 7 0 0 2 1 0
1421269966 299 34 27 22 14 0 8 8 5 7 0 0 2 1 0
1421673621 299 34 27 22 14 0 8 8 6 7 0 0 2 1 0
1421805823 299 34 27 22 14 0 8 8 7 7 0 0 2 1 0
1421839209 299 34 27 22 14 0 8 8 8 7 0 0 2 1 0
1421840326 300 34 27 22 14 0 8 8 8 7 0 0 2 1 0
1421857030 300 34 27 22 15 0 8 8 8 7 0 0 2 1 0
1422122672 300 34 27 22 16 0 8 8 8 7 0 0 2 1 0
1422126661 301 34 27 22 16 0 8 8 8 7 0 0 2 1 0
1422127814 302 34 27 22 16 0 8 8 8 7 0 0 2 1 0
1422128774 303 34 27 22 16 0 8 8 8 7 0 0 2 1 0
1422130798 304 34 27 22 16 0 8 8 8 7 0 0 2 1 0
1422132467 305 34 27 22 16 0 8 8 8 7 0 0 2 1 0
1422132766 306 34 27 22 16 0 8 8 8 7 0 0 2 1 0
1422133391 307 34 27 22 16 0 8 8 8 7 0 0 2 1 0
1422133660 308 34 27 22 16 0 8 8 8 7 0 0 2 1 0
1422188948 308 34 27 22 17 0 8 8 8 7 0 0 2 1 0
1422199240 308 34 28 22 17 0 8 8 8 7 0 0 2 1 0
1422202348 308 34 29 22 17 0 8 8 8 7 0 0 2 1 0
1422203971 309 34 29 22 17 0 8 8 8 7 0 0 2 1 0
1422204219 310 34 29 22 17 0 8 8 8 7 0 0 2 1 0
1422204511 311 34 29 22 17 0 8 8 8 7 0 0 2 1 0
1422216733 311 34 29 22 18 0 8 8 8 7 0 0 2 1 0
1422217157 311 34 29 22 19 0 8 8 8 7 0 0 2 1 0
1422276801 312 34 29 22 19 0 8 8 8 7 0 0 2 1 0
1422277065 313 34 29 22 19 0 8 8 8 7 0 0 2 1 0
1422398184 314 34 29 22 19 0 8 8 8 7 0 0 2 1 0
1422399107 315 34 29 22 19 0 8 8 8 7 0 0 2 1 0
1422401984 316 34 29 22 19 0 8 8 8 7 0 0 2 1 0
1422406326 317 34 29 22 19 0 8 8 8 7 0 0 2 1 0
1422456149 318 34 29 22 19 0 8 8 8 7 0 0 2 1 0
1422461813 319 34 29 22 19 0 8 8 8 7 0 0 2 1 0
1422462888 320 34 29 22 19 0 8 8 8 7 0 0 2 1 0
1422465135 321 34 29 22 19 0 8 8 8 7 0 0 2 1 0
1422469292 322 34 29 22 19 0 8 8 8 7 0 0 2 1 0
1422542675 322 34 30 22 19 0 8 8 8 7 0 0 2 1 0
1422563748 323 34 30 22 19 0 8 8 8 7 0 0 2 1 0
1422564287 324 34 30 22 19 0 8 8 8 7 0 0 2 1 0
1422565374 325 34 30 22 19 0 8 8 8 7 0 0 2 1 0
1422566745 326 34 30 22 19 0 8 8 8 7 0 0 2 1 0
1422567479 327 34 30 22 19 0 8 8 8 7 0 0 2 1 0
1422567771 328 34 30 22 19 0 8 8 8 7 0 0 2 1 0
1422567985 329 34 30 22 19 0 8 8 8 7 0 0 2 1 0
1422646934 329 34 30 23 19 0 8 8 8 7 0 0 2 1 0
1422714823 329 34 30 23 20 0 8 8 8 7 0 0 2 1 0
1422717939 329 34 30 23 21 0 8 8 8 7 0 0 2 1 0
1422742611 330 34 30 23 21 0 8 8 8 7 0 0 2 1 0
1422743321 331 34 30 23 21 0 8 8 8 7 0 0 2 1 0
1422746287 332 34 30 23 21 0 8 8 8 7 0 0 2 1 0
1422747331 333 34 30 23 21 0 8 8 8 7 0 0 2 1 0
1422769457 333 34 31 23 21 0 8 8 8 7 0 0 2 1 0
1422772630 333 34 32 23 21 0 8 8 8 7 0 0 2 1 0
1422773109 333 34 33 23 21 0 8 8 8 7 0 0 2 1 0
1422775790 333 34 33 23 22 0 8 8 8 7 0 0 2 1 0
1422783699 333 34 33 23 22 1 8 8 8 7 0 0 2 1 0
1422784019 333 34 33 23 22 2 8 8 8 7 0 0 2 1 0
1422784160 333 34 33 23 22 3 8 8 8 7 0 0 2 1 0
1422784835 333 34 33 23 22 4 8 8 8 7 0 0 2 1 0
1422784906 333 34 33 23 22 5 8 8 8 7 0 0 2 1 0
1422788273 333 34 33 23 22 6 8 8 8 7 0 0 2 1 0
1422788278 333 34 33 23 22 7 8 8 8 7 0 0 2 1 0
1422788307 333 34 33 23 22 8 8 8 8 7 0 0 2 1 0
1422788319 333 34 33 23 22 9 8 8 8 7 0 0 2 1 0
1422788866 333 34 33 23 22 10 8 8 8 7 0 0 2 1 0
1422919030 334 34 33 23 22 10 8 8 8 7 0 0 2 1 0
1422919077 335 34 33 23 22 10 8 8 8 7 0 0 2 1 0
1422928506 336 34 33 23 22 10 8 8 8 7 0 0 2 1 0
1422984107 336 34 33 23 22 11 8 8 8 7 0 0 2 1 0
1422993076 337 34 33 23 22 11 8 8 8 7 0 0 2 1 0
1423023960 338 34 33 23 22 11 8 8 8 7 0 0 2 1 0
1423081969 338 34 33 23 22 12 8 8 8 7 0 0 2 1 0
1423082295 338 34 33 23 22 13 8 8 8 7 0 0 2 1 0
1423082612 338 34 33 23 22 14 8 8 8 7 0 0 2 1 0
1423082629 339 34 33 23 22 14 8 8 8 7 0 0 2 1 0
1423084161 340 34 33 23 22 14 8 8 8 7 0 0 2 1 0
1423085750 341 34 33 23 22 14 8 8 8 7 0 0 2 1 0
1423134329 342 34 33 23 22 14 8 8 8 7 0 0 2 1 0
1423139668 343 34 33 23 22 14 8 8 8 7 0 0 2 1 0
1423153935 344 34 33 23 22 14 8 8 8 7 0 0 2 1 0
1423228008 345 34 33 23 22 14 8 8 8 7 0 0 2 1 0
1423229722 346 34 33 23 22 14 8 8 8 7 0 0 2 1 0
1423498195 347 34 33 23 22 14 8 8 8 7 0 0 2 1 0
1423526994 348 34 33 23 22 14 8 8 8 7 0 0 2 1 0
1423528350 349 34 33 23 22 14 8 8 8 7 0 0 2 1 0
1423528359 349 34 33 24 22 14 8 8 8 7 0 0 2 1 0
1423530298 350 34 33 24 22 14 8 8 8 7 0 0 2 1 0
1423530609 351 34 33 24 22 14 8 8 8 7 0 0 2 1 0
1423530813 352 34 33 24 22 14 8 8 8 7 0 0 2 1 0
1423623553 353 34 33 24 22 14 8 8 8 7 0 0 2 1 0
1423623618 354 34 33 24 22 14 8 8 8 7 0 0 2 1 0
1423623639 355 34 33 24 22 14 8 8 8 7 0 0 2 1 0
1423623667 356 34 33 24 22 14 8 8 8 7 0 0 2 1 0
1423623723 357 34 33 24 22 14 8 8 8 7 0 0 2 1 0
1423623812 358 34 33 24 22 14 8 8 8 7 0 0 2 1 0
1424359143 359 34 33 24 22 14 8 8 8 7 0 0 2 1 0
1424367858 360 34 33 24 22 14 8 8 8 7 0 0 2 1 0
1424369907 361 34 33 24 22 14 8 8 8 7 0 0 2 1 0
1424370887 362 34 33 24 22 14 8 8 8 7 0 0 2 1 0
1424381485 363 34 33 24 22 14 8 8 8 7 0 0 2 1 0
1424401273 364 34 33 24 22 14 8 8 8 7 0 0 2 1 0
1424401400 365 34 33 24 22 14 8 8 8 7 0 0 2 1 0
1424401515 366 34 33 24 22 14 8 8 8 7 0 0 2 1 0
1424404027 367 34 33 24 22 14 8 8 8 7 0 0 2 1 0
1424579453 368 34 33 24 22 14 8 8 8 7 0 0 2 1 0
1424579920 369 34 33 24 22 14 8 8 8 7 0 0 2 1 0
1424580104 370 34 33 24 22 14 8 8 8 7 0 0 2 1 0
1424580137 371 34 33 24 22 14 8 8 8 7 0 0 2 1 0
1424580157 372 34 33 24 22 14 8 8 8 7 0 0 2 1 0
1424611964 373 34 33 24 22 14 8 8 8 7 0 0 2 1 0
1424612631 374 34 33 24 22 14 8 8 8 7 0 0 2 1 0
1424612665 375 34 33 24 22 14 8 8 8 7 0 0 2 1 0
1424615402 376 34 33 24 22 14 8 8 8 7 0 0 2 1 0
1424618016 377 34 33 24 22 14 8 8 8 7 0 0 2 1 0
1424619368 378 34 33 24 22 14 8 8 8 7 0 0 2 1 0
1424619966 379 34 33 24 22 14 8 8 8 7 0 0 2 1 0
1424620292 380 34 33 24 22 14 8 8 8 7 0 0 2 1 0
1424620638 381 34 33 24 22 14 8 8 8 7 0 0 2 1 0
1424628896 382 34 33 24 22 14 8 8 8 7 0 0 2 1 0
1424629371 383 34 33 24 22 14 8 8 8 7 0 0 2 1 0
1424690736 384 34 33 24 22 14 8 8 8 7 0 0 2 1 0
1424732945 384 34 33 25 22 14 8 8 8 7 0 0 2 1 0
1424801855 384 34 33 26 22 14 8 8 8 7 0 0 2 1 0
1424802958 384 34 33 27 22 14 8 8 8 7 0 0 2 1 0
1424983050 385 34 33 27 22 14 8 8 8 7 0 0 2 1 0
1424983405 386 34 33 27 22 14 8 8 8 7 0 0 2 1 0
1425633316 387 34 33 27 22 14 8 8 8 7 0 0 2 1 0
1425687439 388 34 33 27 22 14 8 8 8 7 0 0 2 1 0
1425698870 389 34 33 27 22 14 8 8 8 7 0 0 2 1 0
1425772317 389 34 33 27 22 14 8 8 8 7 0 0 2 1 1
1425920141 390 34 33 27 22 14 8 8 8 7 0 0 2 1 1
1425953279 391 34 33 27 22 14 8 8 8 7 0 0 2 1 1
1425954396 392 34 33 27 22 14 8 8 8 7 0 0 2 1 1
1425954522 393 34 33 27 22 14 8 8 8 7 0 0 2 1 1
1426006585 394 34 33 27 22 14 8 8 8 7 0 0 2 1 1
1426279837 395 34 33 27 22 14 8 8 8 7 0 0 2 1 1
1427342575 395 34 33 27 22 14 8 8 8 7 1 0 2 1 1
1427342711 395 34 33 27 22 14 8 8 8 7 2 0 2 1 1
1427399899 396 34 33 27 22 14 8 8 8 7 2 0 2 1 1
1427415033 397 34 33 27 22 14 8 8 8 7 2 0 2 1 1
1427430088 397 34 33 27 22 14 8 8 8 7 3 0 2 1 1
1427432049 397 34 33 27 22 14 8 8 8 7 4 0 2 1 1
1427583007 398 34 33 27 22 14 8 8 8 7 4 0 2 1 1
1427583499 399 34 33 27 22 14 8 8 8 7 4 0 2 1 1
1427683280 399 34 33 27 22 14 8 8 8 7 5 0 2 1 1
1427685345 399 34 33 27 22 14 8 8 8 7 6 0 2 1 1
1427686538 400 34 33 27 22 14 8 8 8 7 6 0 2 1 1
1428846190 401 34 33 27 22 14 8 8 8 7 6 0 2 1 1
1428847739 402 34 33 27 22 14 8 8 8 7 6 0 2 1 1
1428847765 403 34 33 27 22 14 8 8 8 7 6 0 2 1 1
1428946915 404 34 33 27 22 14 8 8 8 7 6 0 2 1 1
1429187184 404 34 33 27 22 14 8 8 8 7 6 1 2 1 1
1429514775 404 34 33 27 22 14 8 8 8 7 6 2 2 1 1
