1407618770 4
1407621505 15
1407621822 15
1407622153 18
1407622316 19
1407624510 36
1407625621 3167
1407625658 3187
1407625776 3187
1407626530 3207
1407630638 3284
1407693647 3307
1407715584 3430
1407716156 3458
1407717010 21474
1407870070 23876
1407890353 23893
1408322565 25554
1408401730 25537
1408415745 25680
1408420026 25681
1408424487 25682
1408424587 25687
1408424798 25687
1408425009 25688
1408425112 25688
1408425169 25688
1408426718 25688
1408426869 25689
1408426979 25690
1408427218 25691
1408498399 25741
1408568608 26911
1408666949 26910
1408667184 27365
1408719676 27439
1408732464 27435
1408813872 27435
1408813912 27809
1409237034 28199
1409243813 28199
1409428109 28759
1409850990 30158
1409976330 30248
1410002629 30288
1410003112 30283
1410003737 30283
1410004455 30288
1410009917 30300
1410010280 30300
1410010745 30300
1410013321 30311
1410013640 30311
1410107232 30311
1410108974 30311
1410112157 30311
1410112708 30313
1410113317 30313
1410114539 30313
1410116909 30313
1410117306 30313
1410119555 30325
1410197632 30415
1412194470 30314
1412267550 30318
1412353923 30688
1412624331 30881
1413002177 31056
1413143638 31282
1413192187 31361
1413285790 32099
1413426599 32301
1413631346 38309
1413726022 54357
1413743643 54319
1413744435 68129
1413765890 68560
1413766850 68997
1413767812 73956
1413885712 74317
1414271629 80447
1414497178 80444
1414579026 81091
1414860383 81664
1414880382 81809
1414880802 84430
1414881311 96806
1414991380 98244
1415013693 98246
1415267194 98301
1415271677 98301
1415271743 98301
1415376852 98621
1415476231 98620
1415476241 98592
1415476252 98678
1415479522 103644
1415542508 103653
1415634949 104056
1415823541 104067
1415895324 110857
1415916718 19822
1416238051 19897
1416427067 20140
1416703930 20504
1416769631 20644
1416826731 21007
1416938801 21764
1417031769 21766
1417110812 21764
1417112021 22435
1417113158 22403
1417372909 24548
1417566885 24749
1417577773 24729
1417623599 24749
1417650631 24751
1418420311 25485
1419378604 25475
1421840326 26770
1422133660 26779
1422204511 26782
1422277065 26785
1422646934 26752
1422919030 27841
1422919077 27944
1422928506 28664
1423023960 28664
1423084161 28658
1423085750 28658
1423528359 28960
1423530609 28959
1423623553 28961
1423623618 28961
1423623639 28961
1423623667 28961
1423623723 28961
1423623812 28961
1424579920 28972
1424580104 28973
1424580137 28973
1424580157 28973
1424612631 28974
1424612665 28974
1424620638 32842
1424629371 32842
1424732945 33236
1424802958 33234
1424983050 33238
1424983405 33240
1425633316 33242
1425687439 33244
1425698870 33244
1425920141 33244
1426006585 33245
1426279837 33245
1427415033 33448
1427583499 33448
1427686538 33498
1428846190 33499
1428847739 33499
1428847765 33499
1428946915 33499
1429187184 33654
1429514775 33659
