1407618770 4 0 0 0 0 0 0 0 0 0 0 0 0 0 0
1407621505 15 0 0 0 0 0 0 0 0 0 0 0 0 0 0
1407621822 16 0 0 0 0 0 0 0 0 0 0 0 0 0 0
1407622153 20 0 0 0 0 0 0 0 0 0 0 0 0 0 0
1407622316 22 0 0 0 0 0 0 0 0 0 0 0 0 0 0
1407624510 41 0 0 0 0 0 0 0 0 0 0 0 0 0 0
1407625621 3175 0 0 0 0 0 0 0 0 0 0 0 0 0 0
1407625658 3195 0 0 0 0 0 0 0 0 0 0 0 0 0 0
1407625776 3197 0 0 0 0 0 0 0 0 0 0 0 0 0 0
1407626530 3217 0 0 0 0 0 0 0 0 0 0 0 0 0 0
1407630638 3306 0 0 0 0 0 0 0 0 0 0 0 0 0 0
1407693647 3526 0 0 0 0 0 0 0 0 0 0 0 0 0 0
1407693756 3533 0 0 0 0 0 0 0 0 0 0 0 0 0 0
1407715522 3950 0 0 0 0 0 0 0 0 0 0 0 0 0 0
1407715584 3950 0 0 0 0 0 0 0 0 0 0 0 0 0 0
1407716156 3979 0 0 0 0 0 0 0 0 0 0 0 0 0 0
1407717010 21995 0 0 0 0 0 0 0 0 0 0 0 0 0 0
1407870070 24422 0 0 0 0 0 0 0 0 0 0 0 0 0 0
1407890353 24481 0 0 0 0 0 0 0 0 0 0 0 0 0 0
1407899425 25110 0 0 0 0 0 0 0 0 0 0 0 0 0 0
1407983548 25352 0 0 0 0 0 0 0 0 0 0 0 0 0 0
1408321928 26129 0 0 0 0 0 0 0 0 0 0 0 0 0 0
1408322368 26149 0 0 0 0 0 0 0 0 0 0 0 0 0 0
1408322565 26149 0 0 0 0 0 0 0 0 0 0 0 0 0 0
1408400733 26171 0 0 0 0 0 0 0 0 0 0 0 0 0 0
1408401730 26171 0 0 0 0 0 0 0 0 0 0 0 0 0 0
1408415745 26318 0 0 0 0 0 0 0 0 0 0 0 0 0 0
1408420026 26319 0 0 0 0 0 0 0 0 0 0 0 0 0 0
1408424487 26321 0 0 0 0 0 0 0 0 0 0 0 0 0 0
1408424587 26326 0 0 0 0 0 0 0 0 0 0 0 0 0 0
1408424798 26327 0 0 0 0 0 0 0 0 0 0 0 0 0 0
1408425009 26328 0 0 0 0 0 0 0 0 0 0 0 0 0 0
1408425112 26328 0 0 0 0 0 0 0 0 0 0 0 0 0 0
1408425169 26328 0 0 0 0 0 0 0 0 0 0 0 0 0 0
1408426718 26329 0 0 0 0 0 0 0 0 0 0 0 0 0 0
1408426869 26330 0 0 0 0 0 0 0 0 0 0 0 0 0 0
1408426979 26331 0 0 0 0 0 0 0 0 0 0 0 0 0 0
1408427218 26332 0 0 0 0 0 0 0 0 0 0 0 0 0 0
1408490336 33909 0 0 0 0 0 0 0 0 0 0 0 0 0 0
1408491242 33909 0 0 0 0 0 0 0 0 0 0 0 0 0 0
1408492954 33958 0 0 0 0 0 0 0 0 0 0 0 0 0 0
1408497313 41603 0 0 0 0 0 0 0 0 0 0 0 0 0 0
1408498399 41603 0 0 0 0 0 0 0 0 0 0 0 0 0 0
1408567787 41603 0 0 1170 0 0 0 0 0 0 0 0 0 0 0
1408568608 41603 0 0 1170 0 0 0 0 0 0 0 0 0 0 0
1408575933 41800 0 0 1170 0 0 0 0 0 0 0 0 0 0 0
1408589812 41944 0 0 1170 0 0 0 0 0 0 0 0 0 0 0
1408595701 41961 0 0 1170 0 0 0 0 0 0 0 0 0 0 0
1408620391 41975 0 0 1170 0 0 0 0 0 0 0 0 0 0 0
1408626458 41981 0 0 1170 0 0 0 0 0 0 0 0 0 0 0
1408626796 41981 0 0 1170 0 0 0 0 0 0 0 0 0 0 0
1408628941 42008 0 0 1170 0 0 0 0 0 0 0 0 0 0 0
1408629142 42008 0 0 1170 0 0 0 0 0 0 0 0 0 0 0
1408630931 42008 0 0 1170 0 0 0 0 0 0 0 0 0 0 0
1408631239 42008 0 0 1170 0 0 0 0 0 0 0 0 0 0 0
1408631336 42009 0 0 1170 0 0 0 0 0 0 0 0 0 0 0
1408642513 42009 0 0 1171 0 0 0 0 0 0 0 0 0 0 0
1408643254 42142 0 0 1171 0 0 0 0 0 0 0 0 0 0 0
1408651559 42142 0 0 1174 0 0 0 0 0 0 0 0 0 0 0
1408651701 42142 0 0 1174 0 0 0 0 0 0 0 0 0 0 0
1408666240 42142 0 0 1174 0 0 0 0 0 0 0 0 0 0 0
1408666949 42142 0 0 1174 0 0 0 0 0 0 0 0 0 0 0
1408667184 42142 0 0 1174 0 0 0 0 0 0 0 0 0 0 0
1408675192 42224 0 0 1174 0 0 0 0 0 0 0 0 0 0 0
1408719676 42224 0 0 1174 0 0 0 0 0 0 0 0 0 0 0
1408731770 42224 0 0 1176 0 0 0 0 0 0 0 0 0 0 0
1408731855 42224 0 0 1176 0 0 0 0 0 0 0 0 0 0 0
1408732464 42224 0 0 1176 0 0 0 0 0 0 0 0 0 0 0
1408792070 42292 0 0 1176 0 0 0 0 0 0 0 0 0 0 0
1408792723 42299 0 0 1176 0 0 0 0 0 0 0 0 0 0 0
1408792879 42299 0 0 1176 0 0 0 0 0 0 0 0 0 0 0
1408793914 42342 0 0 1176 0 0 0 0 0 0 0 0 0 0 0
1408794001 42343 0 0 1176 0 0 0 0 0 0 0 0 0 0 0
1408810179 42699 0 0 1176 0 0 0 0 0 0 0 0 0 0 0
1408813872 42699 0 0 1176 0 0 0 0 0 0 0 0 0 0 0
1408813912 42699 0 0 1176 0 0 0 0 0 0 0 0 0 0 0
1408894532 43160 0 0 1176 0 0 0 0 0 0 0 0 0 0 0
1408917044 43980 0 0 1176 0 0 0 0 0 0 0 0 0 0 0
1408917293 43987 0 0 1176 0 0 0 0 0 0 0 0 0 0 0
1408920375 43988 0 0 1176 0 0 0 0 0 0 0 0 0 0 0
1409206923 44169 0 0 1176 0 0 0 0 0 0 0 0 0 0 0
1409207727 44169 0 0 1176 0 0 0 0 0 0 0 0 0 0 0
1409207779 44169 0 0 1176 0 0 0 0 0 0 0 0 0 0 0
1409207879 44169 0 0 1176 0 0 0 0 0 0 0 0 0 0 0
1409236939 44169 0 0 3495 0 0 0 0 0 0 0 0 0 0 0
1409237034 44169 0 0 3495 0 0 0 0 0 0 0 0 0 0 0
1409237051 44169 0 0 3495 0 0 0 0 0 0 0 0 0 0 0
1409243343 44169 0 0 11301 0 0 0 0 0 0 0 0 0 0 0
1409243813 44169 0 0 11301 0 0 0 0 0 0 0 0 0 0 0
1409407020 44743 0 0 11301 0 0 0 0 0 0 0 0 0 0 0
1409407580 44743 0 0 11301 0 0 0 0 0 0 0 0 0 0 0
1409408045 50804 0 0 11301 0 0 0 0 0 0 0 0 0 0 0
1409409861 50804 0 0 11301 0 0 0 0 0 0 0 0 0 0 0
1409428079 50804 0 0 11301 0 0 0 0 0 0 0 0 0 0 0
1409428109 50804 0 0 11301 0 0 0 0 0 0 0 0 0 0 0
1409508198 51082 0 0 11301 0 0 0 0 0 0 0 0 0 0 0
1409510423 51143 0 0 11301 0 0 0 0 0 0 0 0 0 0 0
1409511356 51179 0 0 11301 0 0 0 0 0 0 0 0 0 0 0
1409511854 51225 0 0 11301 0 0 0 0 0 0 0 0 0 0 0
1409739302 52075 0 0 11301 0 0 0 0 0 0 0 0 0 0 0
1409788597 52794 0 0 11301 0 0 0 0 0 0 0 0 0 0 0
1409795088 53141 0 0 11301 0 0 0 0 0 0 0 0 0 0 0
1409850990 53141 0 0 11301 0 0 0 0 0 0 0 0 0 0 0
1409975854 53237 0 0 11301 0 0 0 0 0 0 0 0 0 0 0
1409975985 53238 0 0 11301 0 0 0 0 0 0 0 0 0 0 0
1409976330 53238 0 0 11301 0 0 0 0 0 0 0 0 0 0 0
1410002498 53286 0 0 11301 0 0 0 0 0 0 0 0 0 0 0
1410002629 53286 0 0 11301 0 0 0 0 0 0 0 0 0 0 0
1410002899 53286 0 0 11301 0 0 0 0 0 0 0 0 0 0 0
1410003112 53286 0 0 11301 0 0 0 0 0 0 0 0 0 0 0
1410003615 53287 0 0 11301 0 0 0 0 0 0 0 0 0 0 0
1410003737 53287 0 0 11301 0 0 0 0 0 0 0 0 0 0 0
1410004326 53292 0 0 11301 0 0 0 0 0 0 0 0 0 0 0
1410004455 53292 0 0 11301 0 0 0 0 0 0 0 0 0 0 0
1410009715 53398 0 0 11301 0 0 0 0 0 0 0 0 0 0 0
1410009813 53399 0 0 11301 0 0 0 0 0 0 0 0 0 0 0
1410009917 53399 0 0 11301 0 0 0 0 0 0 0 0 0 0 0
1410010094 53400 0 0 11301 0 0 0 0 0 0 0 0 0 0 0
1410010280 53400 0 0 11301 0 0 0 0 0 0 0 0 0 0 0
1410010641 53401 0 0 11301 0 0 0 0 0 0 0 0 0 0 0
1410010745 53401 0 0 11301 0 0 0 0 0 0 0 0 0 0 0
1410012436 53412 0 0 11301 0 0 0 0 0 0 0 0 0 0 0
1410013321 53412 0 0 11301 0 0 0 0 0 0 0 0 0 0 0
1410013510 53413 0 0 11301 0 0 0 0 0 0 0 0 0 0 0
1410013640 53413 0 0 11301 0 0 0 0 0 0 0 0 0 0 0
1410106869 53414 0 0 11301 0 0 0 0 0 0 0 0 0 0 0
1410107232 53414 0 0 11301 0 0 0 0 0 0 0 0 0 0 0
1410108871 53415 0 0 11301 0 0 0 0 0 0 0 0 0 0 0
1410108974 53415 0 0 11301 0 0 0 0 0 0 0 0 0 0 0
1410111324 53416 0 0 11301 0 0 0 0 0 0 0 0 0 0 0
1410111915 53416 0 0 11301 0 0 0 0 0 0 0 0 0 0 0
1410112157 53416 0 0 11301 0 0 0 0 0 0 0 0 0 0 0
1410112484 53419 0 0 11301 0 0 0 0 0 0 0 0 0 0 0
1410112708 53419 0 0 11301 0 0 0 0 0 0 0 0 0 0 0
1410113110 53420 0 0 11301 0 0 0 0 0 0 0 0 0 0 0
1410113317 53420 0 0 11301 0 0 0 0 0 0 0 0 0 0 0
1410114433 53421 0 0 11301 0 0 0 0 0 0 0 0 0 0 0
1410114539 53421 0 0 11301 0 0 0 0 0 0 0 0 0 0 0
1410116645 53422 0 0 11301 0 0 0 0 0 0 0 0 0 0 0
1410116909 53422 0 0 11301 0 0 0 0 0 0 0 0 0 0 0
1410117217 53423 0 0 11301 0 0 0 0 0 0 0 0 0 0 0
1410117306 53423 0 0 11301 0 0 0 0 0 0 0 0 0 0 0
1410119162 53435 0 0 11301 0 0 0 0 0 0 0 0 0 0 0
1410119446 53446 0 0 11301 0 0 0 0 0 0 0 0 0 0 0
1410119555 53446 0 0 11301 0 0 0 0 0 0 0 0 0 0 0
1410131126 53530 0 0 11301 0 0 0 0 0 0 0 0 0 0 0
1410190622 53579 0 0 11301 0 0 0 0 0 0 0 0 0 0 0
1410197632 53579 0 0 11301 0 0 0 0 0 0 0 0 0 0 0
1410380818 53746 0 0 11301 0 0 0 0 0 0 0 0 0 0 0
1410522057 53988 0 0 11301 0 0 0 0 0 0 0 0 0 0 0
1411598411 54210 0 0 11301 0 0 0 0 0 0 0 0 0 0 0
1411598597 54417 0 0 11301 0 0 0 0 0 0 0 0 0 0 0
1411838474 54567 0 0 11301 0 0 0 0 0 0 0 0 0 0 0
1411839778 54576 0 0 11301 0 0 0 0 0 0 0 0 0 0 0
1411914774 54579 0 0 11301 0 0 0 0 0 0 0 0 0 0 0
1412042062 54747 0 0 11301 0 0 0 0 0 0 0 0 0 0 0
1412042799 54760 0 0 11301 0 0 0 0 0 0 0 0 0 0 0
1412083554 54760 0 0 11301 0 0 2 0 0 0 0 0 0 0 0
1412194470 54760 0 0 11301 0 0 2 0 0 0 0 0 0 0 0
1412194807 55046 0 0 11301 0 0 2 0 0 0 0 0 0 0 0
1412196170 55048 0 0 11301 0 0 2 0 0 0 0 0 0 0 0
1412267550 55052 0 0 11301 0 0 2 0 0 0 0 0 0 0 0
1412267948 55056 0 0 11301 0 0 2 0 0 0 0 0 0 0 0
1412350699 55298 0 0 11301 0 0 2 0 0 0 0 0 0 0 0
1412353923 55298 0 0 11301 0 0 2 0 0 0 0 0 0 0 0
1412550995 55491 0 0 11301 0 0 2 0 0 0 0 0 0 0 0
1412551531 55491 0 0 11301 0 0 2 0 0 0 0 0 0 0 0
1412616419 55517 0 0 11301 0 0 2 0 0 0 0 0 0 0 0
1412619323 55517 0 0 11301 0 0 2 0 0 0 0 0 0 0 0
1412619352 55517 0 0 11301 0 0 2 0 0 0 0 0 0 0 0
1412624331 55517 0 0 11301 0 0 2 0 0 0 0 0 0 0 0
1412682222 55530 0 0 11301 0 0 2 0 0 0 0 0 0 0 0
1412682898 55540 0 0 11301 0 0 2 0 0 0 0 0 0 0 0
1412791320 55540 0 0 11301 0 0 3 0 0 0 0 0 0 0 0
1412802226 55540 0 0 11301 0 0 54 0 0 0 0 0 0 0 0
1412877116 55540 0 0 11301 0 0 54 0 0 0 0 0 0 0 0
1412892832 55540 0 0 11301 0 0 194 0 0 0 0 0 0 0 0
1412940220 55541 0 0 11301 0 0 194 0 0 0 0 0 0 0 0
1412942958 55543 0 0 11301 0 0 194 0 0 0 0 0 0 0 0
1412947503 55543 0 0 11301 0 0 195 0 0 0 0 0 0 0 0
1412963049 55543 0 0 11301 0 0 274 0 0 0 0 0 0 0 0
1412963319 55543 0 0 11301 0 0 275 0 0 0 0 0 0 0 0
1412974769 55718 0 0 11301 0 0 275 0 0 0 0 0 0 0 0
1413002177 55718 0 0 11301 0 0 275 0 0 0 0 0 0 0 0
1413048649 55889 0 0 11301 0 0 275 0 0 0 0 0 0 0 0
1413111875 55889 0 0 11301 0 0 275 0 0 0 0 0 0 0 0
1413112402 55977 0 0 11301 0 0 275 0 0 0 0 0 0 0 0
1413143638 55977 0 0 11301 0 0 275 0 0 0 0 0 0 0 0
1413143664 56160 0 0 11301 0 0 275 0 0 0 0 0 0 0 0
1413192187 56160 0 0 11301 0 0 275 0 0 0 0 0 0 0 0
1413247618 56401 0 0 11301 0 0 275 0 0 0 0 0 0 0 0
1413247818 56540 0 0 11301 0 0 275 0 0 0 0 0 0 0 0
1413279015 56874 0 0 11301 0 0 275 0 0 0 0 0 0 0 0
1413283446 56931 0 0 11301 0 0 275 0 0 0 0 0 0 0 0
1413284602 56978 0 0 11301 0 0 275 0 0 0 0 0 0 0 0
1413285790 56978 0 0 11301 0 0 275 0 0 0 0 0 0 0 0
1413426186 57243 0 0 11301 0 0 275 0 0 0 0 0 0 0 0
1413426599 57243 0 0 11301 0 0 275 0 0 0 0 0 0 0 0
1413620579 57244 0 0 11301 0 0 275 0 0 0 0 0 0 0 0
1413620740 57244 0 0 11301 0 0 275 0 0 0 0 0 0 0 0
1413620879 57245 0 0 11301 0 0 275 0 0 0 0 0 0 0 0
1413620989 57246 0 0 11301 0 0 275 0 0 0 0 0 0 0 0
1413621027 57248 0 0 11301 0 0 275 0 0 0 0 0 0 0 0
1413621061 57249 0 0 11301 0 0 275 0 0 0 0 0 0 0 0
1413621437 57251 0 0 11301 0 0 275 0 0 0 0 0 0 0 0
1413622209 57254 0 0 11301 0 0 275 0 0 0 0 0 0 0 0
1413622557 57255 0 0 11301 0 0 275 0 0 0 0 0 0 0 0
1413622593 57256 0 0 11301 0 0 275 0 0 0 0 0 0 0 0
1413622641 57257 0 0 11301 0 0 275 0 0 0 0 0 0 0 0
1413629602 57259 0 0 11301 0 0 275 0 0 0 0 0 0 0 0
1413629763 57260 0 0 11301 0 0 275 0 0 0 0 0 0 0 0
1413629911 57261 0 0 11301 0 0 275 0 0 0 0 0 0 0 0
1413631033 65694 0 0 11301 0 0 275 0 0 0 0 0 0 0 0
1413631346 65694 0 0 11301 0 0 275 0 0 0 0 0 0 0 0
1413725920 81742 0 0 11301 0 0 275 0 0 0 0 0 0 0 0
1413726022 81742 0 0 11301 0 0 275 0 0 0 0 0 0 0 0
1413742826 89491 0 0 11301 0 0 275 0 0 0 0 0 0 0 0
1413742995 91173 0 0 11301 0 0 275 0 0 0 0 0 0 0 0
1413743089 91174 0 0 11301 0 0 275 0 0 0 0 0 0 0 0
1413743643 91174 0 0 11301 0 0 275 0 0 0 0 0 0 0 0
1413743810 91481 0 0 11301 0 0 275 0 0 0 0 0 0 0 0
1413744036 105468 0 0 11301 0 0 275 0 0 0 0 0 0 0 0
1413744435 105468 0 0 11301 0 0 275 0 0 0 0 0 0 0 0
1413765098 105935 0 0 11301 0 0 275 0 0 0 0 0 0 0 0
1413765890 105935 0 0 11301 0 0 275 0 0 0 0 0 0 0 0
1413766498 106562 0 0 11301 0 0 275 0 0 0 0 0 0 0 0
1413766850 106562 0 0 11301 0 0 275 0 0 0 0 0 0 0 0
1413767120 111638 0 0 11301 0 0 275 0 0 0 0 0 0 0 0
1413767812 111638 0 0 11301 0 0 275 0 0 0 0 0 0 0 0
1413884804 111823 0 0 11301 0 0 275 0 0 0 0 0 0 0 0
1413884883 111843 0 0 11301 0 0 275 0 0 0 0 0 0 0 0
1413885471 112563 0 0 11301 0 0 275 0 0 0 0 0 0 0 0
1413885712 112563 0 0 11301 0 0 275 0 0 0 0 0 0 0 0
1413972293 113183 0 0 11301 0 0 275 0 0 0 0 0 0 0 0
1414270956 119627 0 0 11301 0 0 275 0 0 0 0 0 0 0 0
1414271176 119655 0 0 11301 0 0 275 0 0 0 0 0 0 0 0
1414271629 119655 0 0 11301 0 0 275 0 0 0 0 0 0 0 0
1414288923 119655 8 0 11301 0 0 275 0 0 0 0 0 0 0 0
1414296976 119655 137 0 11301 0 0 275 0 0 0 0 0 0 0 0
1414383540 119655 224 0 11301 0 0 275 0 0 0 0 0 0 0 0
1414466066 119655 233 0 11301 0 0 275 0 0 0 0 0 0 0 0
1414497178 119655 233 0 11301 0 0 275 0 0 0 0 0 0 0 0
1414574061 120541 233 0 11301 0 0 275 0 0 0 0 0 0 0 0
1414575910 120541 233 0 11301 0 0 275 0 0 0 0 0 0 0 0
1414576802 120541 233 0 11301 0 0 275 0 0 0 0 0 0 0 0
1414577955 120548 233 0 11301 0 0 275 0 0 0 0 0 0 0 0
1414578320 120548 233 0 11301 0 0 275 0 0 0 0 0 0 0 0
1414579026 120548 233 0 11301 0 0 275 0 0 0 0 0 0 0 0
1414857235 121130 233 0 11301 0 0 275 0 0 0 0 0 0 0 0
1414858213 121130 233 0 11301 0 0 275 0 0 0 0 0 0 0 0
1414859734 121220 233 0 11301 0 0 275 0 0 0 0 0 0 0 0
1414860383 121220 233 0 11301 0 0 275 0 0 0 0 0 0 0 0
1414879935 124816 233 0 11301 0 0 275 0 0 0 0 0 0 0 0
1414880382 124816 233 0 11301 0 0 275 0 0 0 0 0 0 0 0
1414880595 129685 233 0 11301 0 0 275 0 0 0 0 0 0 0 0
1414880802 129685 233 0 11301 0 0 275 0 0 0 0 0 0 0 0
1414881016 142061 233 0 11301 0 0 275 0 0 0 0 0 0 0 0
1414881311 142061 233 0 11301 0 0 275 0 0 0 0 0 0 0 0
1414977492 142707 233 0 11301 0 0 275 0 0 0 0 0 0 0 0
1414979256 144162 233 0 11301 0 0 275 0 0 0 0 0 0 0 0
1414991380 144162 233 0 11301 0 0 275 0 0 0 0 0 0 0 0
1415013617 144164 233 0 11301 0 0 275 0 0 0 0 0 0 0 0
1415013693 144164 233 0 11301 0 0 275 0 0 0 0 0 0 0 0
1415029865 144164 233 0 11301 0 0 275 0 0 0 0 0 0 0 0
1415055773 144164 237 0 11301 0 0 275 0 0 0 0 0 0 0 0
1415267194 144221 237 0 11301 0 0 275 0 0 0 0 0 0 0 0
1415271677 144222 237 0 11301 0 0 275 0 0 0 0 0 0 0 0
1415271743 144223 237 0 11301 0 0 275 0 0 0 0 0 0 0 0
1415304016 144223 919 0 11301 0 0 275 0 0 0 0 0 0 0 0
1415304058 144223 919 0 11301 0 0 275 0 0 0 0 0 0 0 0
1415305041 144223 919 0 11301 0 0 275 0 0 0 0 0 0 0 0
1415340653 144223 1318 0 11301 0 0 275 0 0 0 0 0 0 0 0
1415342173 144223 1319 0 11301 0 0 275 0 0 0 0 0 0 0 0
1415375007 144223 1319 0 11301 0 0 275 0 0 0 0 0 0 0 0
1415376852 144223 1319 0 11301 0 0 275 0 0 0 0 0 0 0 0
1415452917 144233 1319 0 11301 0 0 275 0 0 0 0 0 0 0 0
1415454999 144304 1319 0 11301 0 0 275 0 0 0 0 0 0 0 0
1415456927 144407 1319 0 11301 0 0 275 0 0 0 0 0 0 0 0
1415458072 144407 1319 0 11301 0 0 275 0 0 0 0 0 0 0 0
1415475523 144736 1319 0 11301 0 0 275 0 0 0 0 0 0 0 0
1415476231 144736 1319 0 11301 0 0 275 0 0 0 0 0 0 0 0
1415476241 144736 1319 0 11301 0 0 275 0 0 0 0 0 0 0 0
1415476252 144736 1319 0 11301 0 0 275 0 0 0 0 0 0 0 0
1415479224 151393 1319 0 11301 0 0 275 0 0 0 0 0 0 0 0
1415479522 151393 1319 0 11301 0 0 275 0 0 0 0 0 0 0 0
1415485940 151393 3303 0 11301 0 0 275 0 0 0 0 0 0 0 0
1415491805 151393 3493 0 11301 0 0 275 0 0 0 0 0 0 0 0
1415493543 151393 3493 0 11301 0 0 275 0 0 0 0 0 0 0 0
1415494781 151393 3539 0 11301 0 0 275 0 0 0 0 0 0 0 0
1415542127 151393 3543 0 11301 0 0 275 0 0 0 0 0 0 0 0
1415542508 151393 3543 0 11301 0 0 275 0 0 0 0 0 0 0 0
1415542773 151730 3543 0 11301 0 0 275 0 0 0 0 0 0 0 0
1415542801 151730 3543 0 11301 0 0 275 0 0 0 0 0 0 0 0
1415545117 151730 3543 0 11301 3 0 275 0 0 0 0 0 0 0 0
1415547843 151730 3543 0 11301 5 0 275 0 0 0 0 0 0 0 0
1415555721 151730 3543 0 11301 504 0 275 0 0 0 0 0 0 0 0
1415557276 151730 3543 0 11301 504 0 275 0 0 0 0 0 0 0 0
1415559332 151730 3543 0 11301 508 0 275 0 0 0 0 0 0 0 0
1415564731 151730 3543 0 11301 508 0 275 0 0 0 0 0 0 139 0
1415633176 151730 3543 0 11301 512 0 275 0 0 0 0 0 0 139 0
1415634949 151730 3543 0 11301 512 0 275 0 0 0 0 0 0 139 0
1415673361 151730 3543 0 11301 512 0 275 0 0 49 0 0 0 139 0
1415673370 151730 3543 0 11301 512 0 275 0 0 49 0 0 0 139 0
1415675416 151730 3543 132 11301 512 0 275 0 0 69 0 0 0 139 0
1415711710 151730 3543 389 11301 512 0 275 0 0 69 0 0 0 139 0
1415718381 151730 3543 579 11301 512 0 275 0 0 69 0 0 0 139 0
1415718832 151730 3543 580 11301 512 0 275 0 0 69 0 0 0 139 0
1415793699 155531 3543 580 11301 512 0 275 0 0 69 0 0 0 139 0
1415820823 155531 3543 580 11301 512 0 275 0 0 85 0 0 0 139 0
1415823541 155531 3543 580 11301 512 0 275 0 0 85 0 0 0 139 0
1415868696 155531 3543 580 11301 512 0 275 0 0 85 0 0 0 139 0
1415877106 155586 3543 580 11301 512 0 275 0 0 85 0 0 0 139 0
1415879621 163292 3543 580 11301 512 0 275 0 0 85 0 0 0 139 0
1415895324 163292 3543 580 11301 512 0 275 0 0 85 0 0 0 139 0
1415911734 163292 3543 580 11302 512 0 275 0 0 85 0 0 0 139 0
1415916718 163292 3543 580 11302 512 0 275 0 0 85 0 0 0 139 0
1416113004 163292 3695 580 11302 512 0 275 0 0 85 0 0 0 139 0
1416194480 163292 3707 580 11302 512 0 275 0 0 85 0 0 0 139 0
1416236032 163292 3711 580 11302 512 0 275 0 0 85 0 0 0 139 0
1416238051 163292 3711 580 11302 512 0 275 0 0 85 0 0 0 139 0
1416307721 163516 3711 580 11302 512 0 275 0 0 85 0 0 0 139 0
1416308629 163520 3711 580 11302 512 0 275 0 0 85 0 0 0 139 0
1416311984 163520 3711 580 11302 512 0 275 0 0 85 0 0 0 139 0
1416312328 163520 3711 580 11302 512 0 275 0 0 85 0 0 0 139 0
1416312616 163531 3711 580 11302 512 0 275 0 0 85 0 0 0 139 0
1416393415 163642 3711 580 11302 512 0 275 0 0 85 0 0 0 139 0
1416396603 163671 3711 580 11302 512 0 275 0 0 85 0 0 0 139 0
1416398017 163799 3711 580 11302 512 0 275 0 0 85 0 0 0 139 0
1416400060 163811 3711 580 11302 512 0 275 0 0 85 0 0 0 139 0
1416427067 163811 3711 580 11302 512 0 275 0 0 85 0 0 0 139 0
1416514298 163811 3770 580 11302 512 0 275 0 0 85 0 0 0 139 0
1416589957 163811 3770 580 11302 512 0 275 0 0 85 0 0 0 139 0
1416593691 163811 3801 580 11302 512 0 275 0 0 85 0 0 0 139 0
1416667816 164147 3801 580 11302 512 0 275 0 0 85 0 0 0 139 0
1416668164 164176 3801 580 11302 512 0 275 0 0 85 0 0 0 139 0
1416703930 164176 3801 580 11302 512 0 275 0 0 85 0 0 0 139 0
1416757819 164176 3801 580 11302 512 0 275 0 0 300 0 0 0 139 0
1416762355 164176 4632 580 11302 512 0 275 0 0 300 0 0 0 139 0
1416762410 164176 4632 580 11302 512 0 275 0 0 300 0 0 0 139 0
1416769631 164176 4632 580 11302 512 0 275 0 0 300 0 0 0 139 0
1416795542 164176 4632 580 11302 512 0 275 0 0 512 0 0 0 139 0
1416795570 164176 4632 580 11302 512 0 275 0 0 512 0 0 0 139 0
1416826731 164176 4632 580 11302 512 0 275 0 0 512 0 0 0 139 0
1416926990 164176 4632 580 11302 512 0 275 1 0 512 0 0 0 139 0
1416927081 164176 4632 580 11302 512 0 275 758 0 512 0 0 0 139 0
1416938801 164176 4632 580 11302 512 0 275 758 0 512 0 0 0 139 0
1416984017 164176 4632 580 11302 512 0 275 758 0 512 0 0 17 139 0
1416994586 164180 4632 580 11302 512 0 275 758 0 512 0 0 17 139 0
1417002911 164540 4632 580 11302 512 0 275 758 0 512 0 0 17 139 0
1417004290 164541 4632 580 11302 512 0 275 758 0 512 0 0 17 139 0
1417016434 164541 4632 580 11302 512 0 275 759 0 512 0 0 17 139 0
1417016482 164541 4632 580 11302 512 0 275 1296 0 512 0 0 17 139 0
1417017200 164541 4632 580 11302 512 0 275 1373 0 512 0 0 17 139 0
1417018024 164541 4632 580 11302 512 0 275 1460 0 512 0 0 17 139 0
1417031769 164541 4632 580 11302 512 0 275 1460 0 512 0 0 17 139 0
1417040035 164541 4632 580 11302 512 0 275 1460 0 512 0 0 50 139 0
1417110812 164541 4632 580 11302 512 0 275 1460 0 512 0 0 50 139 0
1417111359 164541 4632 580 11302 512 0 275 1460 0 512 0 0 50 139 0
1417111430 164541 4632 580 11302 512 0 275 1460 0 512 0 0 50 139 0
1417112021 164541 4632 580 11302 512 0 275 1460 0 512 0 0 50 139 0
1417112470 164630 4632 580 11302 512 0 275 1460 0 512 0 0 50 139 0
1417113158 164630 4632 580 11302 512 0 275 1460 0 512 0 0 50 139 0
1417114056 164630 4632 580 11302 512 0 275 1460 0 512 0 0 50 139 0
1417288833 165524 4632 580 11302 512 0 275 1460 0 512 0 0 50 139 0
1417289386 165531 4632 580 11302 512 0 275 1460 0 512 0 0 50 139 0
1417312454 165785 4632 580 11302 512 0 275 1460 0 512 0 0 50 139 0
1417370766 166560 4632 580 11302 512 0 275 1460 0 512 0 0 50 139 0
1417372909 166560 4632 580 11302 512 0 275 1460 0 512 0 0 50 139 0
1417471674 166560 4632 580 11302 512 0 275 1661 0 512 0 0 50 139 0
1417530630 166560 4632 580 11302 512 0 275 1841 0 512 0 0 50 139 0
1417543224 166560 4632 580 11302 809 0 275 1841 0 512 0 0 50 139 0
1417543563 166560 4632 580 11302 810 0 275 1841 0 512 0 0 50 139 0
1417566885 166560 4632 580 11302 810 0 275 1841 0 512 0 0 50 139 0
1417577104 166740 4632 580 11302 810 0 275 1841 0 512 0 0 50 139 0
1417577358 166741 4632 580 11302 810 0 275 1841 0 512 0 0 50 139 0
1417577773 166741 4632 580 11302 810 0 275 1841 0 512 0 0 50 139 0
1417604580 166941 4632 580 11302 810 0 275 1841 0 512 0 0 50 139 0
1417607439 166942 4632 580 11302 810 0 275 1841 0 512 0 0 50 139 0
1417623599 166942 4632 580 11302 810 0 275 1841 0 512 0 0 50 139 0
1417650631 166944 4632 580 11302 810 0 275 1841 0 512 0 0 50 139 0
1417877773 166944 5097 580 11302 810 0 275 1841 0 512 0 0 50 139 0
1417877850 166944 5097 580 11302 810 0 275 1841 0 512 0 0 50 139 0
1417882711 166944 5097 580 11302 810 0 275 1841 0 512 0 0 50 139 0
1417958315 166944 5097 580 11302 810 0 275 1841 1112 512 0 0 50 139 0
1417970189 166944 5097 580 11302 959 0 275 1841 1112 512 0 0 50 139 0
1418278901 166944 5449 580 11302 959 0 275 1841 1112 512 0 0 50 139 0
1418333345 166944 5690 580 11302 959 0 275 1841 1112 512 0 0 50 139 0
1418355199 166944 5722 580 11302 959 0 275 1841 1112 512 0 0 50 139 0
1418402096 166944 6019 580 11302 959 0 275 1841 1112 512 0 0 50 139 0
1418420311 166944 6019 580 11302 959 0 275 1841 1112 512 0 0 50 139 0
1419028612 166944 6081 580 11302 959 0 275 1841 1112 512 0 0 50 139 0
1419048987 166944 6108 580 11302 959 0 275 1841 1112 512 0 0 50 139 0
1419142993 166944 6108 580 11302 959 0 275 1841 1112 512 0 0 50 139 0
1419144646 166944 6108 580 11302 961 0 275 1841 1112 512 0 0 50 139 0
1419177720 166944 6108 580 11302 1049 0 275 1841 1112 512 0 0 50 139 0
1419366974 166944 6113 580 11302 1049 0 275 1841 1112 512 0 0 50 139 0
1419378604 166944 6113 580 11302 1049 0 275 1841 1112 512 0 0 50 139 0
1419759169 166944 6113 580 11302 1049 0 275 1841 1112 512 0 0 50 139 0
1419786874 166944 6113 888 11302 1049 0 275 1841 1112 512 0 0 50 139 0
1419787356 166944 6113 890 11302 1049 0 275 1841 1112 512 0 0 50 139 0
1419788308 166944 6113 939 11302 1049 0 275 1841 1112 512 0 0 50 139 0
1420184959 166944 6113 957 11302 1049 0 275 1841 1112 512 0 0 50 139 0
1420185293 166944 6113 958 11302 1049 0 275 1841 1112 512 0 0 50 139 0
1420195469 166944 6113 1169 11302 1049 0 275 1841 1112 512 0 0 50 139 0
1420198301 166944 6113 1171 11302 1049 0 275 1841 1112 512 0 0 50 139 0
1420198771 166944 6113 1274 11302 1049 0 275 1841 1112 512 0 0 50 139 0
1420199206 166944 6113 1291 11302 1049 0 275 1841 1112 512 0 0 50 139 0
1420201108 166944 6113 1301 11302 1049 0 275 1841 1112 512 0 0 50 139 0
1420205329 166944 6113 1343 11302 1049 0 275 1841 1112 512 0 0 50 139 0
1420227053 166944 6113 1343 11302 1049 0 275 1841 1112 512 0 0 50 139 0
1420272177 166944 6113 1359 11302 1049 0 275 1841 1112 512 0 0 50 139 0
1420294603 166944 6113 1431 11302 1049 0 275 1841 1112 512 0 0 50 139 0
1420301195 166944 6113 1465 11302 1049 0 275 1841 1112 512 0 0 50 139 0
1420350512 166944 6113 1531 11302 1049 0 275 1841 1112 512 0 0 50 139 0
1421262077 166944 6113 1531 11302 1049 0 275 1841 1112 512 0 0 50 139 0
1421268170 166944 6113 1531 11302 1049 0 275 1841 1123 512 0 0 50 139 0
1421268566 166944 6113 1531 11302 1049 0 275 1841 2238 512 0 0 50 139 0
1421269966 166944 6113 1531 11302 1049 0 275 1841 2259 512 0 0 50 139 0
1421673621 166944 6113 1531 11302 1049 0 275 1841 2273 512 0 0 50 139 0
1421805823 166944 6113 1531 11302 1049 0 275 1841 2775 512 0 0 50 139 0
1421839209 166944 6113 1531 11302 1049 0 275 1841 2906 512 0 0 50 139 0
1421840326 166944 6113 1531 11302 1049 0 275 1841 2906 512 0 0 50 139 0
1421857030 166944 6113 1531 11302 1049 0 275 1841 2906 512 0 0 50 139 0
1422122672 166944 6113 1531 11302 1185 0 275 1841 2906 512 0 0 50 139 0
1422126661 166944 6113 1531 11302 1185 0 275 1841 2906 512 0 0 50 139 0
1422127814 166947 6113 1531 11302 1185 0 275 1841 2906 512 0 0 50 139 0
1422128774 166947 6113 1531 11302 1185 0 275 1841 2906 512 0 0 50 139 0
1422130798 166947 6113 1531 11302 1185 0 275 1841 2906 512 0 0 50 139 0
1422132467 166954 6113 1531 11302 1185 0 275 1841 2906 512 0 0 50 139 0
1422132766 166957 6113 1531 11302 1185 0 275 1841 2906 512 0 0 50 139 0
1422133391 166958 6113 1531 11302 1185 0 275 1841 2906 512 0 0 50 139 0
1422133660 166958 6113 1531 11302 1185 0 275 1841 2906 512 0 0 50 139 0
1422188948 166958 6113 1531 11302 1185 0 275 1841 2906 512 0 0 50 139 0
1422199240 166958 6113 1531 11302 1185 0 275 1841 2906 512 0 0 50 139 0
1422202348 166958 6113 1540 11302 1185 0 275 1841 2906 512 0 0 50 139 0
1422203971 166967 6113 1540 11302 1185 0 275 1841 2906 512 0 0 50 139 0
1422204219 166968 6113 1540 11302 1185 0 275 1841 2906 512 0 0 50 139 0
1422204511 166968 6113 1540 11302 1185 0 275 1841 2906 512 0 0 50 139 0
1422216733 166968 6113 1540 11302 1317 0 275 1841 2906 512 0 0 50 139 0
1422217157 166968 6113 1540 11302 1317 0 275 1841 2906 512 0 0 50 139 0
1422276801 166973 6113 1540 11302 1317 0 275 1841 2906 512 0 0 50 139 0
1422277065 166973 6113 1540 11302 1317 0 275 1841 2906 512 0 0 50 139 0
1422398184 166981 6113 1540 11302 1317 0 275 1841 2906 512 0 0 50 139 0
1422399107 166985 6113 1540 11302 1317 0 275 1841 2906 512 0 0 50 139 0
1422401984 166988 6113 1540 11302 1317 0 275 1841 2906 512 0 0 50 139 0
1422406326 167015 6113 1540 11302 1317 0 275 1841 2906 512 0 0 50 139 0
1422456149 167035 6113 1540 11302 1317 0 275 1841 2906 512 0 0 50 139 0
1422461813 167080 6113 1540 11302 1317 0 275 1841 2906 512 0 0 50 139 0
1422462888 167092 6113 1540 11302 1317 0 275 1841 2906 512 0 0 50 139 0
1422465135 167096 6113 1540 11302 1317 0 275 1841 2906 512 0 0 50 139 0
1422469292 167100 6113 1540 11302 1317 0 275 1841 2906 512 0 0 50 139 0
1422542675 167100 6113 1540 11302 1317 0 275 1841 2906 512 0 0 50 139 0
1422563748 167101 6113 1540 11302 1317 0 275 1841 2906 512 0 0 50 139 0
1422564287 167103 6113 1540 11302 1317 0 275 1841 2906 512 0 0 50 139 0
1422565374 167125 6113 1540 11302 1317 0 275 1841 2906 512 0 0 50 139 0
1422566745 167130 6113 1540 11302 1317 0 275 1841 2906 512 0 0 50 139 0
1422567479 167135 6113 1540 11302 1317 0 275 1841 2906 512 0 0 50 139 0
1422567771 167142 6113 1540 11302 1317 0 275 1841 2906 512 0 0 50 139 0
1422567985 167144 6113 1540 11302 1317 0 275 1841 2906 512 0 0 50 139 0
1422646934 167144 6113 1540 11302 1317 0 275 1841 2906 512 0 0 50 139 0
1422714823 167144 6113 1540 11302 1343 0 275 1841 2906 512 0 0 50 139 0
1422717939 167144 6113 1540 11302 1343 0 275 1841 2906 512 0 0 50 139 0
1422742611 167200 6113 1540 11302 1343 0 275 1841 2906 512 0 0 50 139 0
1422743321 167241 6113 1540 11302 1343 0 275 1841 2906 512 0 0 50 139 0
1422746287 167251 6113 1540 11302 1343 0 275 1841 2906 512 0 0 50 139 0
1422747331 167256 6113 1540 11302 1343 0 275 1841 2906 512 0 0 50 139 0
1422769457 167256 6113 1540 11302 1343 0 275 1841 2906 512 0 0 50 139 0
1422772630 167256 6113 1585 11302 1343 0 275 1841 2906 512 0 0 50 139 0
1422773109 167256 6113 1636 11302 1343 0 275 1841 2906 512 0 0 50 139 0
1422775790 167256 6113 1636 11302 1372 0 275 1841 2906 512 0 0 50 139 0
1422783699 167256 6113 1636 11302 1372 1 275 1841 2906 512 0 0 50 139 0
1422784019 167256 6113 1636 11302 1372 8 275 1841 2906 512 0 0 50 139 0
1422784160 167256 6113 1636 11302 1372 26 275 1841 2906 512 0 0 50 139 0
1422784835 167256 6113 1636 11302 1372 89 275 1841 2906 512 0 0 50 139 0
1422784906 167256 6113 1636 11302 1372 195 275 1841 2906 512 0 0 50 139 0
1422788273 167256 6113 1636 11302 1372 216 275 1841 2906 512 0 0 50 139 0
1422788278 167256 6113 1636 11302 1372 228 275 1841 2906 512 0 0 50 139 0
1422788307 167256 6113 1636 11302 1372 370 275 1841 2906 512 0 0 50 139 0
1422788319 167256 6113 1636 11302 1372 482 275 1841 2906 512 0 0 50 139 0
1422788866 167256 6113 1636 11302 1372 500 275 1841 2906 512 0 0 50 139 0
1422919030 167256 6113 1636 11302 1372 500 275 1841 2906 512 0 0 50 139 0
1422919077 167256 6113 1636 11302 1372 500 275 1841 2906 512 0 0 50 139 0
1422928506 167256 6113 1636 11302 1372 500 275 1841 2906 512 0 0 50 139 0
1422984107 167256 6113 1636 11302 1372 500 275 1841 2906 512 0 0 50 139 0
1422993076 167325 6113 1636 11302 1372 500 275 1841 2906 512 0 0 50 139 0
1423023960 167326 6113 1636 11302 1372 500 275 1841 2906 512 0 0 50 139 0
1423081969 167326 6113 1636 11302 1372 500 275 1841 2906 512 0 0 50 139 0
1423082295 167326 6113 1636 11302 1372 500 275 1841 2906 512 0 0 50 139 0
1423082612 167326 6113 1636 11302 1372 523 275 1841 2906 512 0 0 50 139 0
1423082629 167326 6113 1636 11302 1372 523 275 1841 2906 512 0 0 50 139 0
1423084161 167326 6113 1636 11302 1372 523 275 1841 2906 512 0 0 50 139 0
1423085750 167326 6113 1636 11302 1372 523 275 1841 2906 512 0 0 50 139 0
1423134329 167326 6113 1636 11302 1372 523 275 1841 2906 512 0 0 50 139 0
1423139668 167348 6113 1636 11302 1372 523 275 1841 2906 512 0 0 50 139 0
1423153935 167471 6113 1636 11302 1372 523 275 1841 2906 512 0 0 50 139 0
1423228008 167480 6113 1636 11302 1372 523 275 1841 2906 512 0 0 50 139 0
1423229722 167490 6113 1636 11302 1372 523 275 1841 2906 512 0 0 50 139 0
1423498195 167762 6113 1636 11302 1372 523 275 1841 2906 512 0 0 50 139 0
1423526994 167866 6113 1636 11302 1372 523 275 1841 2906 512 0 0 50 139 0
1423528350 168020 6113 1636 11302 1372 523 275 1841 2906 512 0 0 50 139 0
1423528359 168020 6113 1636 11302 1372 523 275 1841 2906 512 0 0 50 139 0
1423530298 168029 6113 1636 11302 1372 523 275 1841 2906 512 0 0 50 139 0
1423530609 168029 6113 1636 11302 1372 523 275 1841 2906 512 0 0 50 139 0
1423530813 168029 6113 1636 11302 1372 523 275 1841 2906 512 0 0 50 139 0
1423623553 168032 6113 1636 11302 1372 523 275 1841 2906 512 0 0 50 139 0
1423623618 168034 6113 1636 11302 1372 523 275 1841 2906 512 0 0 50 139 0
1423623639 168035 6113 1636 11302 1372 523 275 1841 2906 512 0 0 50 139 0
1423623667 168036 6113 1636 11302 1372 523 275 1841 2906 512 0 0 50 139 0
1423623723 168039 6113 1636 11302 1372 523 275 1841 2906 512 0 0 50 139 0
1423623812 168040 6113 1636 11302 1372 523 275 1841 2906 512 0 0 50 139 0
1424359143 170945 6113 1636 11302 1372 523 275 1841 2906 512 0 0 50 139 0
1424367858 171205 6113 1636 11302 1372 523 275 1841 2906 512 0 0 50 139 0
1424369907 171252 6113 1636 11302 1372 523 275 1841 2906 512 0 0 50 139 0
1424370887 171299 6113 1636 11302 1372 523 275 1841 2906 512 0 0 50 139 0
1424381485 171527 6113 1636 11302 1372 523 275 1841 2906 512 0 0 50 139 0
1424401273 171735 6113 1636 11302 1372 523 275 1841 2906 512 0 0 50 139 0
1424401400 171735 6113 1636 11302 1372 523 275 1841 2906 512 0 0 50 139 0
1424401515 171735 6113 1636 11302 1372 523 275 1841 2906 512 0 0 50 139 0
1424404027 171809 6113 1636 11302 1372 523 275 1841 2906 512 0 0 50 139 0
1424579453 171869 6113 1636 11302 1372 523 275 1841 2906 512 0 0 50 139 0
1424579920 171880 6113 1636 11302 1372 523 275 1841 2906 512 0 0 50 139 0
1424580104 171881 6113 1636 11302 1372 523 275 1841 2906 512 0 0 50 139 0
1424580137 171882 6113 1636 11302 1372 523 275 1841 2906 512 0 0 50 139 0
1424580157 171883 6113 1636 11302 1372 523 275 1841 2906 512 0 0 50 139 0
1424611964 171900 6113 1636 11302 1372 523 275 1841 2906 512 0 0 50 139 0
1424612631 171902 6113 1636 11302 1372 523 275 1841 2906 512 0 0 50 139 0
1424612665 171903 6113 1636 11302 1372 523 275 1841 2906 512 0 0 50 139 0
1424615402 172157 6113 1636 11302 1372 523 275 1841 2906 512 0 0 50 139 0
1424618016 172255 6113 1636 11302 1372 523 275 1841 2906 512 0 0 50 139 0
1424619368 172256 6113 1636 11302 1372 523 275 1841 2906 512 0 0 50 139 0
1424619966 172278 6113 1636 11302 1372 523 275 1841 2906 512 0 0 50 139 0
1424620292 172289 6113 1636 11302 1372 523 275 1841 2906 512 0 0 50 139 0
1424620638 172289 6113 1636 11302 1372 523 275 1841 2906 512 0 0 50 139 0
1424628896 172290 6113 1636 11302 1372 523 275 1841 2906 512 0 0 50 139 0
1424629371 172290 6113 1636 11302 1372 523 275 1841 2906 512 0 0 50 139 0
1424690736 172688 6113 1636 11302 1372 523 275 1841 2906 512 0 0 50 139 0
1424732945 172688 6113 1636 11302 1372 523 275 1841 2906 512 0 0 50 139 0
1424801855 172688 6113 1636 11303 1372 523 275 1841 2906 512 0 0 50 139 0
1424802958 172688 6113 1636 11303 1372 523 275 1841 2906 512 0 0 50 139 0
1424983050 172692 6113 1636 11303 1372 523 275 1841 2906 512 0 0 50 139 0
1424983405 172694 6113 1636 11303 1372 523 275 1841 2906 512 0 0 50 139 0
1425633316 172696 6113 1636 11303 1372 523 275 1841 2906 512 0 0 50 139 0
1425687439 172698 6113 1636 11303 1372 523 275 1841 2906 512 0 0 50 139 0
1425698870 172699 6113 1636 11303 1372 523 275 1841 2906 512 0 0 50 139 0
1425772317 172699 6113 1636 11303 1372 523 275 1841 2906 512 0 0 50 139 1
1425920141 172699 6113 1636 11303 1372 523 275 1841 2906 512 0 0 50 139 1
1425953279 172720 6113 1636 11303 1372 523 275 1841 2906 512 0 0 50 139 1
1425954396 172726 6113 1636 11303 1372 523 275 1841 2906 512 0 0 50 139 1
1425954522 172726 6113 1636 11303 1372 523 275 1841 2906 512 0 0 50 139 1
1426006585 172726 6113 1636 11303 1372 523 275 1841 2906 512 0 0 50 139 1
1426279837 172727 6113 1636 11303 1372 523 275 1841 2906 512 0 0 50 139 1
1427342575 172727 6113 1636 11303 1372 523 275 1841 2906 512 26 0 50 139 1
1427342711 172727 6113 1636 11303 1372 523 275 1841 2906 512 27 0 50 139 1
1427399899 173068 6113 1636 11303 1372 523 275 1841 2906 512 27 0 50 139 1
1427415033 173068 6113 1636 11303 1372 523 275 1841 2906 512 27 0 50 139 1
1427430088 173068 6113 1636 11303 1372 523 275 1841 2906 512 31 0 50 139 1
1427432049 173068 6113 1636 11303 1372 523 275 1841 2906 512 84 0 50 139 1
1427583007 173070 6113 1636 11303 1372 523 275 1841 2906 512 84 0 50 139 1
1427583499 173070 6113 1636 11303 1372 523 275 1841 2906 512 84 0 50 139 1
1427683280 173070 6113 1636 11303 1372 523 275 1841 2906 512 196 0 50 139 1
1427685345 173070 6113 1636 11303 1372 523 275 1841 2906 512 220 0 50 139 1
1427686538 173070 6113 1636 11303 1372 523 275 1841 2906 512 220 0 50 139 1
1428846190 173072 6113 1636 11303 1372 523 275 1841 2906 512 220 0 50 139 1
1428847739 173073 6113 1636 11303 1372 523 275 1841 2906 512 220 0 50 139 1
1428847765 173074 6113 1636 11303 1372 523 275 1841 2906 512 220 0 50 139 1
1428946915 173075 6113 1636 11303 1372 523 275 1841 2906 512 220 0 50 139 1
1429187184 173075 6113 1636 11303 1372 523 275 1841 2906 512 220 161 50 139 1
1429514775 173075 6113 1636 11303 1372 523 275 1841 2906 512 220 169 50 139 1
