1365203667 2
1365203726 5
1365805133 7
1370276182 3065144
1370280708 3065145
1370282153 3065146
1370290494 3065295
1370293066 3065295
1370294541 3065307
1370301192 3065318
1370301440 3065322
1370301676 3065321
1370366471 3065321
1370366483 3065454
1370367579 3065458
1370368326 3065458
1370368556 3076182
1370371749 3076225
1370377026 3076225
1370377039 3076225
1370377554 3076225
1370377656 3076225
1370379939 3076224
1370380631 3076224
1370382082 3076226
1370382433 3076226
1370441710 3076082
1370463826 3075941
1370475884 3075942
1370479191 3075973
1370536006 3075983
1370538180 3075985
1370547196 3075984
1370553426 3075984
1370579121 3075985
1370630502 3076807
1370888027 3076821
1370891143 3078590
1370897455 3080682
1370897699 3080682
1370906178 3080682
1370908416 3080681
1370909977 3080680
1370973535 3080680
1370980325 3080679
1370982570 3080681
1370985344 3080681
1370988420 3080689
1371012958 3080689
1371013492 3080689
1371059204 3080694
1371143463 3080694
1371246283 3080694
1371499399 3080696
1371499944 3080696
1371502505 3080696
1371503076 3080696
1371503257 3080696
1371503428 3080699
1371507009 3080697
1371510746 3080699
1371579047 3080699
1371584378 3080738
1371682288 3080733
1371873288 3081033
1371897985 3081062
1371898010 3085070
1371929799 3085205
1371932534 3085207
1372091833 3085226
1372181797 3085282
1372186999 3085331
1372189189 3085340
1372268456 3085671
1372269219 3085690
1372367726 3085681
1372371231 3085677
1372372317 3085707
1372373464 3833800
1372438192 3833807
1372457743 3838214
1372720537 3838220
1373318736 3838244
1373320571 3838244
1373327540 3838615
1373586899 3838603
1374265968 3838642
1374269494 3838650
1374275405 3838762
1374687941 3825947
1374700238 3825958
1374770540 3825976
1374778941 3825976
1374877271 3825976
1375124014 3767650
1375292603 3767691
1375295877 3767691
1375304290 3767695
1375306704 3768377
1376071032 3768376
1376075357 3770240
1376084772 3770257
1376087508 3770257
1376350984 3770257
1376431098 3770257
1376434404 3770257
1376439321 3770257
1376441127 3770258
1376591160 3770258
1376685678 3461934
1376945922 3461906
1376953462 3461906
1377012458 3461906
1377018936 3461906
1377034832 3461906
1377067558 3461930
1377094114 3461930
1377096517 3461930
1377096678 3461930
1377098913 3461930
1377116123 3461941
1377121106 3461941
1377137468 3461941
1377192705 3445268
1377195870 3399334
1377227179 3383061
1377287745 3383043
1377309183 3412750
1377528739 3412750
1377532726 3412745
1377539216 3412747
1377542158 3412968
1377555809 3412968
1377623721 3412968
1377626554 3413051
1377638390 3413119
1377705960 3413117
1377880043 3413331
1378228721 3413329
1378245414 3413304
1378526515 3413329
1378754528 3413380
1378827335 3338617
1378852277 3338620
1378874856 3258262
1378921593 3258270
1378995387 3258270
1379008812 3258232
1379013266 3275760
1379020260 3267528
1379051007 3267581
1379093092 3267587
1379097115 3267602
1379106874 3267512
1379366625 3267512
1379370379 3267509
1379463768 3267499
1379521803 3267499
1379599644 3267504
1379627965 3273694
1379694871 3274435
1379975139 3274976
1379979655 3274989
1379979782 3275377
1380134530 3472403
1380298343 3472970
1380312552 3472973
1380316262 3472941
1380321079 3473233
1380646328 3473236
1380654006 3473228
1380654044 3473229
1380665954 3473230
1380735358 3473234
1380753970 3473239
1380758916 3473266
1380771830 3473266
1380807746 3473621
1380907709 3473625
1380918990 3592290
1380928925 3593808
1380929153 3593862
1380992187 3593864
1381335777 3593942
1381350678 3593942
1381782591 3602501
1381782860 3602506
1382027647 3602506
1382363848 3754976
1382478610 3754942
1382485893 3755077
1382556899 3755077
1382646033 3755077
1382647240 3755077
1382655562 3751840
1382661733 3748663
1382717457 3749141
1382731465 3749141
1382998512 3742919
1383025002 3742943
1383069752 3743095
1383236316 3296020
1383264761 3296080
1383682084 3296103
1383749208 3285430
1383939585 3285429
1384282800 3285431
1384443404 3285436
1384790431 3285460
1384790514 3285465
1384800071 3285465
1385077176 3285680
1385170838 3286019
1385395201 3286028
1385406424 3286025
1386108610 3286042
1386285793 3286115
1386373979 3288607
1386376745 3288607
1386455025 3288607
1386460718 3288848
1386606033 3289193
1386633013 3289191
1386633893 3289189
1386634182 3289187
1386634273 3289185
1386634396 3289185
1386634537 3289185
1386694460 3289185
1386696001 3289185
1386720013 3289189
1386721949 3290316
1386722500 3290316
1386782678 3290316
1386786673 3290337
1386797775 3290353
1386867044 3290879
1386875142 3290885
1386968465 3290893
1386970688 3290891
1387222126 3290891
1387227461 3290891
1387312315 3291018
1387337936 3290981
1387344090 3291233
1387842883 3291240
1388169889 3291259
1388696868 3291259
1388704692 3292071
1388774248 3292071
1388779448 3292074
1389045918 3313737
1389058059 3313742
1389133166 3313746
1389200971 3313750
1389214629 3313750
1389466050 3313482
1389481909 3313482
1389730271 3313706
1389893014 3313706
1389898377 3313843
1389971107 3313821
1389997734 3313790
1390156256 3313767
1390489573 3314853
1390891160 3314807
1390891213 3315004
1391103761 3315004
1391543606 3205953
1391644285 3205953
1391646257 3205958
1391657848 3206471
1391716622 3206658
1391736580 3207065
1391793456 3209054
1391794448 3208815
1391794555 3208933
1391794680 3208975
1391795040 3209044
1391795063 3209161
1391808953 3209332
1391817490 3209569
1391823805 3209979
1391823825 3210090
1391823841 3210247
1391823857 3210425
1392058327 3210427
1392072104 3210478
1392156345 3211454
1392159530 3211445
1392224167 3211445
1392303250 3211474
1392407979 3211474
1392940311 3211472
1393000780 3211493
1393027303 3211493
1393029008 3211558
1393269931 3211558
1393283409 3211558
1393295594 3211566
1393295971 3211566
1393517119 3211527
1393535822 3211527
1393550831 3142287
1393609875 3142294
1393865859 3141375
1393874920 3141376
1393893130 3141372
1393951349 3141330
1394052377 3141273
1394145396 3141281
1394213567 3141286
1394238290 3141300
1394242906 3141286
1394317879 3141289
1394476364 3141303
1394478238 3141303
1394756814 3141318
1395088884 3141318
1395152402 3141404
1395247712 3141546
1395253487 3141472
1395333694 3141485
1395333872 3141485
1395357980 3141485
1395411621 3141493
1395684258 3141362
1395857334 3141362
1395960820 3141362
1396108511 3141386
1396457262 3141386
1396590783 3141386
1396714983 3141549
1396990171 3141897
1396998868 3141889
1397005971 3141893
1397013417 3141904
1397106753 3141902
1397134647 3141689
1397501868 3141703
1397525860 3141722
1397525867 3141675
1398826061 1246490
1398827327 1246491
1399041140 1246495
1399046197 1246496
1399057482 1246499
1399098963 1246509
1399098978 1246506
1399099195 1246505
1399101180 1246506
1399311920 1246610
1399501187 1246611
1399666391 1246575
1399934308 1246575
1400014879 1246575
1400020229 1246576
1400253417 1246606
1400259328 1246606
1400268247 1246611
1400272680 1246611
1400285042 1246611
1400692521 1246638
1400705111 1246633
1400772964 1245525
1401227399 1245523
1401229517 1245538
1401301570 1245562
1401393744 1245572
1401397357 1245579
1401402220 1245582
1401402237 1247131
1401402309 1247131
1401417357 1247131
1401420895 1247131
1401423204 1247132
1401424884 1247132
1401426015 1247133
1401428098 1247133
1401463991 1247133
1401544641 1247154
1401556070 1252242
1401645631 1249992
1401656495 1250001
1401751148 1239646
1401756923 1239646
1401835461 1239648
1401912390 1239648
1401923122 1239651
1401942600 1239651
1402071532 1239651
1402080906 1239653
1402260215 1239653
1402446112 1240400
1402449707 1240405
1402586052 1240393
1402586069 1240393
1402613334 1240394
1402675814 1240394
1402680113 1240395
1402687578 1240395
1402693010 1240395
1402696847 1240395
1402698928 1240395
1402705351 1240397
1402765703 1240396
1402960612 1240396
1403063917 1240405
1403278899 1240349
1403451713 1240349
1403476095 1240349
1403561653 1240351
1404155503 1240354
1404246801 1240354
1404265231 1240354
1404277036 1240353
1404425489 1240461
1404946345 1240459
1404963393 1240462
1405006253 1240475
1405265570 1240469
1405362898 1240538
1405397100 1240538
1405433427 1240538
1405528473 1240525
1405536224 1240525
1405554669 1240525
1405554682 1240539
1405556199 1240505
1405610410 1240483
1405620903 1240490
1405685197 1240490
1405705504 1240496
1405724835 1240505
1405727483 1240499
1405911382 1240494
1406306431 1240417
1406401396 1240192
1406654363 1243241
1406666655 1243241
1406830530 1242779
1406841150 1242777
1406841167 1242783
1406848657 1242790
1407179229 1242771
1407256446 1242773
1407258723 1242773
1407259712 1242773
1407261507 1242774
1407263094 1242769
1407263105 1256744
1407265207 1256745
1407268720 1256745
1407272048 1256744
1407272567 1256745
1407275746 1256745
1407279347 1256745
1407345666 1256760
1407346575 1256765
1407432543 1256765
1408065835 1256766
1408069007 1256859
1408384844 1256884
1408391071 1256884
1408392273 1256860
1408484269 1256860
1408506664 1256860
1408548434 1256860
1408641656 1256692
1409165551 1256692
1409249577 1256730
1409256005 1257076
1409265710 1257323
1409688279 1257323
1409693552 1257323
1409703677 1257865
1409709619 1257904
1409721050 1257922
1409758752 1257922
1409775626 1257935
1409777522 1257938
1409852594 1257938
1409856520 1257936
1409945334 1257935
1409969339 1257937
1410287768 1257937
1410304415 1257946
1410328298 1257937
1410378898 1257952
1410384448 1257953
1410387174 1257968
1410387179 1257980
1410449082 1258134
1410478079 1258138
1410538160 1258155
1410554391 1258156
1410559223 1258157
1410559728 1258160
1410570814 1258164
1410570838 1258164
1410746467 1258164
1410758584 1258077
1410815477 1258075
1410816523 1259557
1411006822 1259635
1411017272 1259642
1411141029 1259641
1411145972 1259729
1411162230 1259755
1411272852 1259880
1411431415 1259880
1411749702 1259880
1411771835 1259891
1412012364 1260331
1412023592 1260503
1412138493 1260525
1412187278 1260558
1412199373 1260546
1412201997 1260546
1412210364 1260548
1412286303 1260555
1412296758 1260555
1412312599 1260555
1412361917 1260581
1412372674 1260605
1412623977 1260613
1412634484 1260613
1412657201 1260613
1412717257 1260611
1412789099 1260448
1412974221 1260486
1413211380 1260486
1413474121 1260485
1413568500 1260514
1413575130 1260513
1413845483 1246782
1414380692 1246786
1414605768 1246872
1414631554 1246872
1414631575 1246877
1414800057 1246841
1415034239 1246841
1415134332 1246494
1415143820 1264093
1415143824 1263834
1415213357 1263653
1415245195 1263667
1415251481 1263182
1415289421 1263363
1415291358 1263372
1415295978 1263377
1415297061 1263377
1415313061 1262934
1415323842 1262723
1415324158 1262723
1415324956 1262725
1415381203 1262725
1415385958 1262546
1415396312 1262607
1415426361 1262602
1415661730 1262602
1415663361 1262602
1415841001 1262725
1415898033 1262725
1415908685 1262614
1416272092 1262915
1416323838 1262908
1416335246 1262344
1416368009 1262339
1416421831 1262343
1416433139 1262343
1416453634 1262333
1416463636 1262333
1416535243 1262333
1416535993 1262332
1416540372 1262370
1416589668 1262392
1416613440 1262422
1416631423 1262482
1416857147 1262482
1416858413 1262468
1416862432 1262468
1416936220 1262469
1416947096 1262469
1417374911 1262469
1417463072 1262460
1417472804 1252164
1417541311 1252164
1417551687 1252122
1417624276 1252360
1417624342 1252360
1417629320 1252362
1417634744 1252365
1417637230 1252364
1417651019 1252373
1417656025 1252377
1417738137 1252370
1417755045 1252371
1418082344 1252376
1418142457 1252376
1418174830 1252376
1418319520 1252376
1418326455 1251309
1418341769 1251309
1418342119 1251309
1418363798 1251309
1418674118 1251309
1418680134 1251310
1418689955 1251318
1418690847 1251318
1418695658 1251319
1418707862 1251319
1418708181 1251323
1418749197 1251326
1418758303 1251326
1418759276 1251328
1418769192 1251332
1418789541 1251332
1418860968 1251333
1418862890 1251358
1418880949 1251376
1418887311 1251385
1418887507 1251387
1418923016 1251404
1418924105 1251406
1418925448 1251405
1418925920 1251407
1418931956 1251412
1418933448 1251414
1418936193 1251417
1418936330 1251419
1418940903 1251413
1418940925 1251412
1418956795 1251418
1419010570 1251427
1419016143 1251397
1419030506 1251398
1419269981 1251393
1419271825 1251393
1419272906 1251392
1419281916 1251392
1419291387 1251391
1419293725 1251391
1419293867 1251393
1419296197 1251394
1419296205 1251396
1419296341 1251398
1419352695 1251398
1419352773 1251397
1419352812 1251400
1419353020 1251404
1419470727 1251404
1419780424 1251404
1419813070 1251404
1419877888 1251404
1419883163 1251449
1419883186 1251449
1419883274 1251451
1419886432 1251451
1419886457 1251453
1419886526 1251455
1419890800 1251456
1419894099 1251458
1419894197 1251460
1419899573 1251466
1419899658 1251468
1419899661 1251470
1419904445 1251471
1419904455 1251476
1419904463 1251478
1419904724 1251487
1419904863 1251491
1419905072 1251482
1419905158 1251490
1419905165 1251492
1419910497 1251492
1419910514 1251494
1419910518 1251496
1419911483 1251496
1419911515 1251498
1419911525 1251500
1419916453 1251500
1419916461 1251502
1419916466 1251504
1419954814 1251511
1419954831 1251513
1419954835 1251515
1419961135 1251515
1419961452 1251516
1419961455 1251518
1419966745 1251523
1419966757 1251525
1419966760 1251527
1419971221 1251527
1419971251 1251518
1419971267 1251520
1419971270 1251522
1419998761 1251535
1420047029 1251540
1420047091 1251542
1420047094 1251544
1420052212 1251546
1420052222 1251548
1420052226 1251550
1420056550 1251545
1420056562 1251547
1420056566 1251549
1420061909 1251545
1420078659 1251558
1420085426 1251558
1420088832 1251558
1420089043 1251556
1420089297 1251556
1420089348 1251560
1420089356 1251560
1420130916 1250897
1420231992 1250897
1420479527 1250897
1420479813 1250962
1420480215 1250974
1420487570 1250978
1420487657 1251000
1420495853 1251016
1420500799 1251016
1420500924 1251023
1420500928 1251023
1420501580 1251023
1420501597 1251027
1420501600 1251027
1420501823 1251027
1420501835 1251031
1420501838 1251031
1420521717 1251031
1420567437 1251031
1420567460 1251035
1420567464 1251035
1420570846 1250969
1420572844 1250975
1420572855 1250979
1420572859 1250979
1420582448 1250982
1420582461 1250986
1420582465 1250986
1420664267 1251006
1420664304 1251010
1420664307 1251010
1420693524 1251004
1420694848 1251009
1420694851 1251009
1420746714 1251009
1420753299 1251024
1420753436 1251029
1420753440 1251029
1420762476 1250976
1420837758 1251035
1420837855 1251039
1420837860 1251039
1420843160 1251039
1420843226 1251043
1420843230 1251043
1420850196 1251048
1420850716 1251052
1420850721 1251052
1420852889 1251054
1420864851 1251160
1420869127 1251160
1420869201 1251170
1420869206 1251170
1420872809 1251181
1421105423 1250959
1421180116 1250963
1421180120 1250963
1421428148 1250963
1421455685 1250926
1421686314 1251393
1421710702 1251428
1421772486 1251428
1421783380 1251428
1421786180 1251428
1421859053 1251432
1421888201 1251416
1421943321 1250995
1422293964 1251003
1422293969 1251003
1422299017 1251003
1422299078 1251007
1422299082 1251007
1422304526 1251007
1422378276 1251007
1422389799 1251016
1422486330 1251384
1422562128 1251385
1422574184 1251385
1422909687 1251385
1422990047 1251383
1423004492 1251383
1423074044 1251420
1423077306 1251420
1423160943 1251544
1423164541 1251544
1423583807 1251544
1423594100 1251544
1423597222 1251546
1423862065 1251545
1423894841 1251559
1423894849 1251559
1424387377 1251833
1424537788 1251833
1424538601 1251839
1424538610 1251839
1424730888 1251839
1424738028 1251839
1424740785 1251831
1424821806 1251831
1424881058 1251880
1424890604 1251914
1424899559 1251590
1424899756 1251588
1424938649 1251588
1424994809 1251590
1425011401 1251590
1425054624 1251590
1425062267 1251539
1425079174 1250446
1425079469 1250447
1425341029 1250499
1425429820 1250607
1425505372 1250607
1425520652 1250607
1425528240 1250346
1425592242 1250346
1425594716 1250375
1425594720 1250375
1425654677 1250375
1425672210 1250375
1425935660 1250382
1426193924 1250389
1426289296 1250665
1426444226 1250695
1426529789 1250708
1426596345 1250708
1426682709 1250709
1426798915 1250709
1426883206 1250685
1427422226 1250690
1427422630 1250691
1427493184 1250690
1427565310 1250690
1427736872 1250693
1427770682 1250785
1427998909 1250926
1428026075 1250928
1428077427 1256379
1428092990 1256479
1428095131 1256576
1428101969 1256721
1428107715 1256718
1428354601 1256844
1428368872 1256898
1428518227 1257385
1428525528 1257385
1428552721 1257407
1428572012 1257407
1428592973 1257447
1428640918 1257447
1428713781 1257447
1428823238 1257536
1428983294 1257536
1429041742 1257536
1429295950 1256436
1429436472 1256436
1429627307 1256653
1429660218 1256809
1429703860 1256804
1430160325 1256861
1430179472 1256865
1430218234 1253468
1430237694 1253468
1430752041 1253587
1430836408 1253587
1430852251 1253587
1430881345 1253770
1430935631 1253764
1430943169 1253765
1430944058 1253765
1430944172 1253762
1430944192 1253767
1430944322 1253741
1430949754 1253757
1430949787 1253760
1431023464 1253760
1431110754 1253756
