1370276182 0 0 0 1 0 0 0 0 0 0 0 0 0 0 0 0 0 0 0 0
1370871006 1 0 0 1 0 0 0 0 0 0 0 0 0 0 0 0 0 0 0 0
1370877217 2 0 0 1 0 0 0 0 0 0 0 0 0 0 0 0 0 0 0 0
1370877544 3 0 0 1 0 0 0 0 0 0 0 0 0 0 0 0 0 0 0 0
1370878435 4 0 0 1 0 0 0 0 0 0 0 0 0 0 0 0 0 0 0 0
1370878606 5 0 0 1 0 0 0 0 0 0 0 0 0 0 0 0 0 0 0 0
1370947568 6 0 0 1 0 0 0 0 0 0 0 0 0 0 0 0 0 0 0 0
1372265678 9 0 0 1 0 0 0 0 0 0 0 0 0 0 0 0 0 0 0 0
1375993052 9 0 0 2 0 0 0 0 0 0 0 0 0 0 0 0 0 0 0 0
1376559456 10 0 0 2 0 0 0 0 0 0 0 0 0 0 0 0 0 0 0 0
1376677929 11 0 0 2 0 0 1 0 0 0 0 0 0 0 0 0 0 0 0 0
1376925396 12 0 0 2 0 0 1 0 0 0 0 0 0 0 0 0 0 0 0 0
1376926567 13 0 0 2 0 0 1 0 0 0 0 0 0 0 0 0 0 0 0 0
1376927170 14 0 0 2 0 0 1 0 0 0 0 0 0 0 0 0 0 0 0 0
1376928743 15 0 0 2 0 0 1 0 0 0 0 0 0 0 0 0 0 0 0 0
1376930611 16 0 0 2 0 0 1 0 0 0 0 0 0 0 0 0 0 0 0 0
1377130308 16 0 0 2 0 0 1 1 0 0 0 0 0 0 0 0 0 0 0 0
1377138995 31 0 0 2 0 0 1 1 0 0 0 0 0 0 0 0 0 0 0 1
1377202565 32 0 0 2 0 0 1 1 0 0 0 0 0 0 0 0 0 0 0 1
1377203035 33 0 0 2 0 0 1 1 0 0 0 0 0 0 0 0 0 0 0 1
1377205573 34 0 0 2 0 0 1 1 0 0 0 0 0 0 0 0 0 0 0 1
1377263567 35 0 0 2 0 0 1 1 0 0 0 0 0 0 0 0 0 0 0 1
1377288989 35 0 0 2 0 0 1 2 0 0 0 0 0 0 0 0 0 0 0 1
1377289013 35 0 0 2 0 0 1 3 0 0 0 0 0 0 0 0 0 0 0 1
1377290703 35 0 0 2 0 0 1 4 0 0 0 0 0 0 0 0 0 0 0 1
1377291630 35 0 0 2 0 0 1 4 0 0 0 0 0 0 0 0 0 0 0 2
1377296458 35 0 0 3 0 0 1 4 0 0 0 0 0 0 0 0 0 0 0 2
1377550477 35 0 0 3 0 0 1 4 0 0 0 0 0 0 0 0 0 0 0 3
1377689851 36 0 0 3 0 0 1 4 0 0 0 0 0 0 0 0 0 0 0 3
1377690211 37 0 0 3 0 0 1 4 0 0 0 0 0 0 0 0 0 0 0 3
1377706641 37 0 0 3 0 0 1 5 0 0 0 0 0 0 0 0 0 0 0 3
1377706665 37 0 0 3 0 0 1 6 0 0 0 0 0 0 0 0 0 0 0 3
1377711181 37 0 0 3 0 0 1 7 0 0 0 0 0 0 0 0 0 0 0 3
1377809344 37 0 0 3 0 0 1 8 0 0 0 0 0 0 0 0 0 0 0 3
1377809589 37 0 0 3 0 0 1 9 0 0 0 0 0 0 0 0 0 0 0 3
1377815781 37 0 0 3 0 0 1 10 0 0 0 0 0 0 0 0 0 0 0 3
1377905774 37 0 0 3 0 0 1 11 0 0 0 0 0 0 0 0 0 0 0 3
1377907331 37 0 0 3 0 0 1 13 0 0 0 0 0 0 0 0 0 0 0 3
1378491271 37 0 0 3 0 0 1 14 0 0 0 0 0 0 0 0 0 0 0 3
1378500540 37 0 0 3 0 0 1 15 0 0 0 0 0 0 0 0 0 0 0 3
1378508174 37 0 0 3 0 0 1 16 0 0 0 0 0 0 0 0 0 0 0 3
1378508249 37 0 0 3 0 0 1 17 0 0 0 0 0 0 0 0 0 0 0 3
1378776600 37 0 0 3 0 0 1 18 0 0 0 0 0 0 0 0 0 0 0 3
1378857129 37 0 0 3 0 0 1 19 0 0 0 0 0 0 0 0 0 0 0 3
1378858565 37 0 0 3 0 0 1 20 0 0 0 0 0 0 0 0 0 0 0 3
1378932216 37 0 0 3 0 0 1 21 0 0 0 0 0 0 0 0 0 0 0 3
1378933379 37 0 0 3 0 0 1 22 0 0 0 0 0 0 0 0 0 0 0 3
1378937653 37 0 0 3 0 0 1 23 0 0 0 0 0 0 0 0 0 0 0 3
1378939813 37 0 0 3 0 0 1 24 0 0 0 0 0 0 0 0 0 0 0 3
1378989650 38 0 0 3 0 0 1 24 0 0 0 0 0 0 0 0 0 0 0 3
1378990984 39 0 0 3 0 0 1 24 0 0 0 0 0 0 0 0 0 0 0 3
1378994373 40 0 0 3 0 0 1 24 0 0 0 0 0 0 0 0 0 0 0 3
1379009131 41 0 0 3 0 0 1 24 0 0 0 0 0 0 0 0 0 0 0 3
1379009982 42 0 0 3 0 0 1 24 0 0 0 0 0 0 0 0 0 0 0 3
1379015473 43 0 0 3 0 0 1 24 0 0 0 0 0 0 0 0 0 0 0 3
1379020525 45 0 0 3 0 0 1 24 0 0 0 0 0 0 0 0 0 0 0 3
1379066915 45 0 0 3 0 0 1 25 0 0 0 0 0 0 0 0 0 0 0 3
1379093168 45 0 0 3 0 0 1 26 0 0 0 0 0 0 0 0 0 0 0 3
1379093690 45 0 0 3 0 0 1 27 0 0 0 0 0 0 0 0 0 0 0 3
1379097435 48 0 0 3 0 0 1 28 0 0 0 0 0 0 0 0 0 0 0 3
1379177778 49 0 0 3 0 0 1 28 0 0 0 0 0 0 0 0 0 0 0 3
1379177878 50 0 0 3 0 0 1 28 0 0 0 0 0 0 0 0 0 0 0 3
1379380463 50 0 0 3 0 0 1 29 0 0 0 0 0 0 0 0 0 0 0 3
1379404628 50 0 0 3 0 0 1 30 0 0 0 0 0 0 0 0 0 0 0 3
1379505278 50 0 0 3 0 0 1 31 0 0 0 0 0 0 0 0 0 0 0 3
1379505312 50 0 0 3 0 0 1 32 0 0 0 0 0 0 0 0 0 0 0 3
1379548556 50 0 0 4 0 0 1 32 0 0 0 0 0 0 0 0 0 0 0 3
1379620581 50 0 0 4 0 0 1 34 0 0 0 0 0 0 0 0 0 0 0 3
1379622385 50 0 0 4 0 0 1 35 0 0 0 0 0 0 0 0 0 0 0 3
1379628937 54 0 0 4 0 0 1 36 0 0 0 0 0 0 0 0 0 0 0 3
1379629604 55 0 0 4 0 0 1 36 0 0 0 0 0 0 0 0 0 0 0 3
1379630936 56 0 0 4 0 0 1 36 0 0 0 0 0 0 0 0 0 0 0 3
1379633760 56 0 0 4 0 0 1 37 0 0 0 0 0 0 0 0 0 0 0 3
1379645545 57 0 0 4 0 0 1 37 0 0 0 0 0 0 0 0 0 0 0 3
1379647046 58 0 0 4 0 0 1 37 0 0 0 0 0 0 0 0 0 0 0 3
1379647698 59 0 0 4 0 0 1 37 0 0 0 0 0 0 0 0 0 0 0 3
1379648106 60 0 0 4 0 0 1 37 0 0 0 0 0 0 0 0 0 0 0 3
1379648700 61 0 0 4 0 0 1 37 0 0 0 0 0 0 0 0 0 0 0 3
1379648912 62 0 0 4 0 0 1 37 0 0 0 0 0 0 0 0 0 0 0 3
1379710207 63 0 0 4 0 0 1 37 0 0 0 0 0 0 0 0 0 0 0 3
1379711568 64 0 0 4 0 0 1 37 0 0 0 0 0 0 0 0 0 0 0 3
1379712909 65 0 0 4 0 0 1 37 0 0 0 0 0 0 0 0 0 0 0 3
1379803519 66 0 0 4 0 0 1 37 0 0 0 0 0 0 0 0 0 0 0 3
1379978004 67 0 0 4 0 0 1 37 0 0 0 0 0 0 0 0 0 0 0 3
1380036051 67 0 0 4 0 0 1 37 0 0 0 0 0 0 0 0 0 0 0 4
1380278254 68 0 0 4 0 0 1 37 0 0 0 0 0 0 0 0 0 0 0 4
1381793985 69 0 0 4 0 0 1 37 0 0 0 0 0 0 0 0 0 0 0 4
1381799587 70 0 0 4 0 0 1 37 0 0 0 0 0 0 0 0 0 0 0 4
1381800801 71 0 0 4 0 0 1 37 0 0 0 0 0 0 0 0 0 0 0 4
1381801464 72 0 0 4 0 0 1 37 0 0 0 0 0 0 0 0 0 0 0 4
1381803791 73 0 0 4 0 0 1 37 0 0 0 0 0 0 0 0 0 0 0 4
1381804186 74 0 0 4 0 0 1 37 0 0 0 0 0 0 0 0 0 0 0 4
1382373228 75 0 0 4 0 0 1 37 0 0 0 0 0 0 0 0 0 0 0 4
1382373912 76 0 0 4 0 0 1 37 0 0 0 0 0 0 0 0 0 0 0 4
1382374400 77 0 0 4 0 0 1 37 0 0 0 0 0 0 0 0 0 0 0 4
1382374545 78 0 0 4 0 0 1 37 0 0 0 0 0 0 0 0 0 0 0 4
1382409987 79 0 0 4 0 0 1 37 0 0 0 0 0 0 0 0 0 0 0 4
1382410121 80 0 0 4 0 0 1 37 0 0 0 0 0 0 0 0 0 0 0 4
1382410749 81 0 0 4 0 0 1 37 0 0 0 0 0 0 0 0 0 0 0 4
1382410842 82 0 0 4 0 0 1 37 0 0 0 0 0 0 0 0 0 0 0 4
1382412969 83 0 0 4 0 0 1 37 0 0 0 0 0 0 0 0 0 0 0 4
1382485837 84 0 0 4 0 0 1 37 0 0 0 0 0 0 0 0 0 0 0 4
1382547927 85 0 0 4 0 0 1 37 0 0 0 0 0 0 0 0 0 0 0 4
1382548661 86 0 0 4 0 0 1 37 0 0 0 0 0 0 0 0 0 0 0 4
1382548818 88 0 0 4 0 0 1 37 0 0 0 0 0 0 0 0 0 0 0 4
1382649167 88 0 1 4 0 0 1 37 0 0 0 0 0 0 0 0 0 0 0 4
1382655357 88 0 1 5 0 0 1 37 0 0 0 0 0 0 0 0 0 0 0 4
1382658068 88 0 1 6 0 0 1 37 0 0 0 0 0 0 0 0 0 0 0 4
1382660707 88 0 1 7 0 0 1 37 0 0 0 0 0 0 0 0 0 0 0 4
1382661761 88 0 1 8 0 0 1 37 0 0 0 0 0 0 0 0 0 0 0 4
1382705418 89 0 1 8 0 0 1 37 0 0 0 0 0 0 0 0 0 0 0 4
1382718896 91 0 1 9 0 0 1 37 0 0 0 0 0 0 0 0 0 0 0 4
1383132782 93 0 1 9 0 0 1 37 0 0 0 0 0 0 0 0 0 0 0 4
1383658265 94 0 1 9 0 0 1 37 0 0 0 0 0 0 0 0 0 0 0 4
1383686491 95 0 1 9 0 0 1 37 0 0 0 0 0 0 0 0 0 0 0 4
1383875690 95 0 1 9 0 0 1 37 0 0 1 0 0 0 0 0 0 0 0 4
1384367923 95 0 1 9 0 0 1 37 0 0 2 0 0 0 0 0 0 0 0 4
1384415700 95 0 1 9 0 0 1 37 0 0 2 0 0 0 0 0 0 0 0 4
1384754253 95 0 1 9 0 0 1 37 0 0 3 0 0 0 0 0 0 0 0 4
1386122183 95 0 1 9 0 0 1 37 0 0 4 0 0 0 0 0 0 0 0 4
1386283540 95 0 1 9 0 0 1 37 0 0 5 0 0 0 0 0 0 0 0 4
1386378549 95 0 1 9 0 0 1 37 0 0 6 0 0 0 0 0 0 0 0 4
1386837820 95 0 1 9 0 0 1 37 0 0 7 0 0 0 0 0 0 0 0 4
1387303212 95 0 2 9 0 0 1 37 0 0 7 0 0 0 0 0 0 0 0 4
1387312687 95 0 3 9 0 0 1 37 0 0 7 0 0 0 0 0 0 0 0 4
1387314160 95 0 4 9 0 0 1 37 0 0 7 0 0 0 0 0 0 0 0 4
1387316578 95 0 5 9 0 0 1 37 0 0 7 0 0 0 0 0 0 0 0 4
1387320739 95 0 6 9 0 0 1 37 0 0 7 0 0 0 0 0 0 0 0 4
1388087593 95 0 6 10 0 0 1 37 0 0 7 0 0 0 0 0 0 0 0 4
1389039261 95 0 6 10 0 0 1 37 0 0 7 0 0 0 0 0 0 0 0 4
1389053533 95 0 7 10 0 0 1 37 0 0 7 0 0 0 0 0 0 0 0 4
1389282164 95 0 7 10 0 0 1 37 0 0 7 0 0 0 0 0 0 0 0 4
1389303668 95 0 7 10 0 0 1 37 0 0 7 0 0 0 0 0 0 0 0 4
1389412212 95 0 7 10 0 0 1 37 0 0 7 0 0 0 0 1 0 0 0 4
1389839854 95 0 7 10 0 0 1 37 0 0 7 0 0 0 0 1 0 0 0 4
1389842463 95 0 7 10 0 0 1 37 0 0 7 0 0 0 0 2 0 0 0 4
1389843279 95 0 7 10 0 0 1 37 0 0 7 0 0 0 0 3 0 0 0 4
1389890523 95 0 7 10 0 0 1 37 0 0 7 0 0 0 0 4 0 0 0 4
1389938065 95 0 7 10 0 0 1 37 0 0 7 0 0 0 0 5 0 0 0 4
1389971107 95 0 8 10 0 0 1 37 0 0 7 0 0 0 0 5 0 0 0 4
1389997734 95 0 9 10 0 0 1 37 0 0 7 0 0 0 0 5 0 0 0 4
1390774160 95 0 9 10 0 0 1 37 0 0 8 0 0 0 0 5 0 0 0 4
1391041273 95 0 9 10 0 0 1 37 0 0 8 0 0 0 0 6 0 0 0 4
1391041344 95 0 9 10 0 0 1 37 0 0 8 0 0 0 0 7 0 0 0 4
1391639429 96 0 9 10 0 0 1 37 0 0 8 0 0 0 0 7 0 0 0 4
1391723070 96 0 10 10 0 0 1 37 0 0 8 0 0 0 0 7 0 0 0 4
1391724015 96 0 11 10 0 0 1 37 0 0 8 0 0 0 0 7 0 0 0 4
1391725307 96 0 12 10 0 0 1 37 0 0 8 0 0 0 0 7 0 0 0 4
1391725509 96 0 13 10 0 0 1 37 0 0 8 0 0 0 0 7 0 0 0 4
1391733606 96 0 13 10 0 0 1 37 0 0 9 0 0 0 0 7 0 0 0 4
1391735454 96 0 14 10 0 0 1 37 0 0 9 0 0 0 0 7 0 0 0 4
1391739531 96 0 14 11 0 0 1 37 0 0 9 0 0 0 0 7 0 0 0 4
1391749404 96 0 15 11 0 0 1 37 0 0 9 0 0 0 0 7 0 0 0 4
1391807698 96 0 16 11 0 0 1 37 0 0 9 0 0 0 0 7 0 0 0 4
1391807732 96 0 17 11 0 0 1 37 0 0 9 0 0 0 0 7 0 0 0 4
1391809724 96 0 17 11 0 0 1 37 0 0 10 0 0 0 0 7 0 0 0 4
1391811764 96 0 18 11 0 0 1 37 0 0 10 0 0 0 0 7 0 0 0 4
1391811840 96 0 19 11 0 0 1 37 0 0 10 0 0 0 0 7 0 0 0 4
1392156471 96 0 20 11 0 0 1 37 0 0 10 0 0 0 0 7 0 0 0 4
1392159458 96 0 21 11 0 0 1 37 0 0 10 0 0 0 0 7 0 0 0 4
1392359564 96 0 21 12 0 0 1 37 0 0 10 0 0 0 0 7 0 0 0 4
1392397434 96 0 21 13 0 0 1 37 0 0 10 0 0 0 0 7 0 0 0 4
1392847637 96 0 22 13 0 0 1 37 0 0 10 0 0 0 0 7 0 0 0 4
1392848238 96 0 22 13 0 0 1 37 0 0 11 0 0 0 0 7 0 0 0 4
1392922983 96 0 22 13 0 0 1 37 0 0 12 0 0 0 0 7 0 0 0 4
1392928554 96 0 23 13 0 0 1 37 0 0 12 0 0 0 0 7 0 0 0 4
1393275325 96 0 23 13 0 0 1 37 0 0 12 0 0 0 0 7 0 0 0 4
1393544855 96 0 23 13 0 0 1 37 1 0 12 0 0 0 0 7 0 0 0 4
1393626430 96 0 23 13 0 0 1 37 1 0 13 0 0 0 0 7 0 0 0 4
1393628734 96 0 24 13 0 0 1 37 1 0 13 0 0 0 0 7 0 0 0 4
1393869177 96 0 24 13 0 0 1 37 1 0 13 0 0 0 0 7 0 0 0 4
1393958634 96 0 24 13 0 0 1 37 1 0 13 0 0 0 0 7 0 0 0 4
1393965011 96 0 24 13 0 0 1 37 1 0 14 0 0 0 0 7 0 0 0 4
1393991979 97 0 24 13 0 0 1 37 1 0 14 0 0 0 0 7 0 0 0 4
1393998025 97 0 24 13 0 0 1 37 1 0 15 0 0 0 0 7 0 0 0 4
1394124731 98 0 24 13 0 0 1 37 1 0 15 0 0 0 0 7 0 0 0 4
1394126647 98 0 24 13 0 0 1 37 1 0 16 0 0 0 0 7 0 0 0 4
1394530039 99 0 24 13 0 0 1 37 1 0 16 0 0 0 0 7 0 0 0 4
1394530988 100 0 24 13 0 0 1 37 1 0 16 0 0 0 0 7 0 0 0 4
1394531009 101 0 24 13 0 0 1 37 1 0 16 0 0 0 0 7 0 0 0 4
1395097582 101 0 24 14 0 0 1 37 1 0 16 0 0 0 0 7 0 0 0 4
1395435321 101 0 25 14 0 0 1 37 1 0 16 0 0 0 0 7 0 0 0 4
1395874121 101 0 25 14 0 0 1 37 2 0 16 0 0 0 0 7 0 0 0 4
1395874572 101 0 25 14 0 0 1 37 3 0 16 0 0 0 0 7 0 0 0 4
1395890577 101 0 25 14 0 0 1 37 4 0 16 0 0 0 0 7 0 0 0 4
1395969353 101 0 25 14 0 0 1 37 5 0 16 0 0 0 0 7 0 0 0 4
1395969844 101 0 25 14 0 0 1 37 6 0 16 0 0 0 0 7 0 0 0 4
1395974590 101 0 25 14 0 0 1 37 6 1 16 0 0 0 0 7 0 0 0 4
1395975241 101 0 25 14 0 0 1 37 6 2 16 0 0 0 0 7 0 0 0 4
1395985153 101 0 26 14 0 0 1 37 6 2 16 0 0 0 0 7 0 0 0 4
1396004321 101 0 26 14 0 0 1 37 6 3 16 0 0 0 0 7 0 0 0 4
1396004397 101 0 26 14 0 0 1 37 6 4 16 0 0 0 0 7 0 0 0 4
1396004591 101 0 26 14 0 0 1 37 6 5 16 0 0 0 0 7 0 0 0 4
1396004708 101 0 26 14 0 0 1 37 6 6 16 0 0 0 0 7 0 0 0 4
1396396622 101 0 26 14 0 0 1 37 7 6 16 0 0 0 0 7 0 0 0 4
1396457187 101 0 26 14 0 0 1 37 8 6 16 0 0 0 0 7 0 0 0 4
1396476410 101 0 26 14 0 0 1 37 8 7 16 0 0 0 0 7 0 0 0 4
1396481452 101 0 26 14 0 0 1 37 8 8 16 0 0 0 0 7 0 0 0 4
1396484947 101 0 27 14 0 0 1 37 8 8 16 0 0 0 0 7 0 0 0 4
1396524265 101 0 27 14 0 0 1 37 9 8 16 0 0 0 0 7 0 0 0 4
1396533488 102 0 28 14 0 0 1 37 9 8 16 0 0 0 0 7 0 0 0 4
1396571041 103 0 28 14 0 0 1 37 9 8 16 0 0 0 0 7 0 0 0 4
1396588999 103 0 29 14 0 0 1 37 9 8 16 0 0 0 0 7 0 0 0 4
1396637057 104 0 29 14 0 0 1 37 9 8 16 0 0 0 0 7 0 0 0 4
1396639389 105 0 29 14 0 0 1 37 9 8 16 0 0 0 0 7 0 0 0 4
1396697762 105 1 29 14 0 0 1 37 9 8 16 0 0 0 0 7 0 0 0 4
1396876804 105 1 29 14 0 0 1 37 10 8 16 0 0 0 0 7 0 0 0 4
1396881672 105 1 29 14 0 0 1 37 11 8 16 0 0 0 0 7 0 0 0 4
1396881743 105 1 29 14 0 0 1 37 12 8 16 0 0 0 0 7 0 0 0 4
1396882960 105 1 29 14 0 0 1 37 13 8 16 0 0 0 0 7 0 0 0 4
1396883084 105 1 29 14 0 0 1 37 14 8 16 0 0 0 0 7 0 0 0 4
1396885477 105 1 29 14 0 0 1 37 15 8 16 0 0 0 0 7 0 0 0 4
1396892350 105 1 29 14 0 0 1 37 16 8 16 0 0 0 0 7 0 0 0 4
1396892412 105 1 29 14 0 0 1 37 17 8 16 0 0 0 0 7 0 0 0 4
1396893324 105 1 29 14 0 0 1 37 18 8 16 0 0 0 0 7 0 0 0 4
1396898227 105 1 29 14 0 0 1 37 19 8 16 0 0 0 0 7 0 0 0 4
1396898270 105 1 29 14 0 0 1 37 20 8 16 0 0 0 0 7 0 0 0 4
1396928395 105 2 29 14 0 0 1 37 20 8 16 0 0 0 0 7 0 0 0 4
1396931049 105 2 30 14 0 0 1 37 20 8 16 0 0 0 0 7 0 0 0 4
1396976926 105 2 31 14 0 0 1 37 20 8 16 0 0 0 0 7 0 0 0 4
1396997400 106 2 31 14 0 0 1 37 20 8 16 0 0 0 0 7 0 0 0 4
1396997492 107 2 31 14 0 0 1 37 20 8 16 0 0 0 0 7 0 0 0 4
1396998053 108 2 31 14 0 0 1 37 20 8 16 0 0 0 0 7 0 0 0 4
1397000364 108 2 31 14 0 0 1 37 21 8 16 0 0 0 0 7 0 0 0 4
1397001763 108 2 31 14 0 0 1 37 21 9 16 0 0 0 0 7 0 0 0 4
1397003465 109 2 31 14 0 0 1 37 21 9 16 0 0 0 0 7 0 0 0 4
1397003543 110 2 31 14 0 0 1 37 21 9 16 0 0 0 0 7 0 0 0 4
1397003590 111 2 31 14 0 0 1 37 21 9 16 0 0 0 0 7 0 0 0 4
1397006088 111 2 31 14 0 0 1 37 21 10 16 0 0 0 0 7 0 0 0 4
1397007527 112 2 31 14 0 0 1 37 21 10 16 0 0 0 0 7 0 0 0 4
1397008150 113 2 31 14 0 0 1 37 21 10 16 0 0 0 0 7 0 0 0 4
1397008893 113 2 32 14 0 0 1 37 21 10 16 0 0 0 0 7 0 0 0 4
1397009039 113 2 33 14 0 0 1 37 21 10 16 0 0 0 0 7 0 0 0 4
1397011654 113 2 34 14 0 0 1 37 21 10 16 0 0 0 0 7 0 0 0 4
1397145530 113 2 35 14 0 0 1 37 21 10 16 0 0 0 0 7 0 0 0 4
1397224567 113 2 36 14 0 0 1 37 21 10 16 0 0 0 0 7 0 0 0 4
1397224614 113 2 37 14 0 0 1 37 21 10 16 0 0 0 0 7 0 0 0 4
1397225110 113 2 38 14 0 0 1 37 21 10 16 0 0 0 0 7 0 0 0 4
1397225173 113 2 39 14 0 0 1 37 21 10 16 0 0 0 0 7 0 0 0 4
1397371574 113 3 39 14 0 0 1 37 21 10 16 0 0 0 0 7 0 0 0 4
1397475953 113 4 39 14 0 0 1 37 21 10 16 0 0 0 0 7 0 0 0 4
1397496382 113 4 39 14 0 0 1 37 21 10 16 0 0 1 0 7 0 0 0 4
1397498271 113 4 39 14 0 0 1 37 21 10 16 0 0 2 0 7 0 0 0 4
1397502436 113 4 39 14 0 0 1 37 21 10 16 0 0 3 0 7 0 0 0 4
1397534287 113 4 40 14 0 0 1 37 21 10 16 0 0 3 0 7 0 0 0 4
1397543979 113 5 40 14 0 0 1 37 21 10 16 0 0 3 0 7 0 0 0 4
1397544051 113 6 40 14 0 0 1 37 21 10 16 0 0 3 0 7 0 0 0 4
1397569457 113 7 40 14 0 0 1 37 21 10 16 0 0 3 0 7 0 0 0 4
1397569533 113 8 40 14 0 0 1 37 21 10 16 0 0 3 0 7 0 0 0 4
1397569961 113 9 40 14 0 0 1 37 21 10 16 0 0 3 0 7 0 0 0 4
1397594981 113 9 40 14 1 0 1 37 21 10 16 0 0 3 0 7 0 0 0 4
1397595009 113 9 40 14 2 0 1 37 21 10 16 0 0 3 0 7 0 0 0 4
1397604421 113 10 40 14 2 0 1 37 21 10 16 0 0 3 0 7 0 0 0 4
1397607741 113 11 40 14 2 0 1 37 21 10 16 0 0 3 0 7 0 0 0 4
1397992441 113 12 40 14 2 0 1 37 21 10 16 0 0 3 0 7 0 0 0 4
1398093150 113 12 41 14 2 0 1 37 21 10 16 0 0 3 0 7 0 0 0 4
1398112432 113 12 42 14 2 0 1 37 21 10 16 0 0 3 0 7 0 0 0 4
1398207113 113 13 42 14 2 0 1 37 21 10 16 0 0 3 0 7 0 0 0 4
1398293501 113 14 42 14 2 0 1 37 21 10 16 0 0 3 0 7 0 0 0 4
1398319637 113 15 42 14 2 0 1 37 21 10 16 0 0 3 0 7 0 0 0 4
1398320733 113 16 42 14 2 0 1 37 21 10 16 0 0 3 0 7 0 0 0 4
1398320889 113 17 42 14 2 0 1 37 21 10 16 0 0 3 0 7 0 0 0 4
1398320972 113 18 42 14 2 0 1 37 21 10 16 0 0 3 0 7 0 0 0 4
1398349575 113 19 42 14 2 0 1 37 21 10 16 0 0 3 0 7 0 0 0 4
1398349649 113 20 42 14 2 0 1 37 21 10 16 0 0 3 0 7 0 0 0 4
1398353023 113 21 42 14 2 0 1 37 21 10 16 0 0 3 0 7 0 0 0 4
1398353054 113 22 42 14 2 0 1 37 21 10 16 0 0 3 0 7 0 0 0 4
1398440637 113 23 42 14 2 0 1 37 21 10 16 0 0 3 0 7 0 0 0 4
1398440660 113 24 42 14 2 0 1 37 21 10 16 0 0 3 0 7 0 0 0 4
1398454041 113 24 43 14 2 0 1 37 21 10 16 0 0 3 0 7 0 0 0 4
1398465357 114 24 43 14 2 0 1 37 21 10 16 0 0 3 0 7 0 0 0 4
1398465402 115 24 43 14 2 0 1 37 21 10 16 0 0 3 0 7 0 0 0 4
1398471969 115 25 43 14 2 0 1 37 21 10 16 0 0 3 0 7 0 0 0 4
1398474013 115 26 43 14 2 0 1 37 21 10 16 0 0 3 0 7 0 0 0 4
1398474097 115 27 43 14 2 0 1 37 21 10 16 0 0 3 0 7 0 0 0 4
1398493977 115 28 43 14 2 0 1 37 21 10 16 0 0 3 0 7 0 0 0 4
1398590510 115 29 43 14 2 0 1 37 21 10 16 0 0 3 0 7 0 0 0 4
1398592717 115 30 43 14 2 0 1 37 21 10 16 0 0 3 0 7 0 0 0 4
1398593035 115 31 43 14 2 0 1 37 21 10 16 0 0 3 0 7 0 0 0 4
1398601268 115 32 43 14 2 0 1 37 21 10 16 0 0 3 0 7 0 0 0 4
1398609250 115 33 43 14 2 0 1 37 21 10 16 0 0 3 0 7 0 0 0 4
1398610599 115 34 43 14 2 0 1 37 21 10 16 0 0 3 0 7 0 0 0 4
1398611093 115 35 43 14 2 0 1 37 21 10 16 0 0 3 0 7 0 0 0 4
1398660744 115 35 44 14 2 0 1 37 21 10 16 0 0 3 0 7 0 0 0 4
1398882627 115 35 44 14 3 0 1 37 21 10 16 0 0 3 0 7 0 0 0 4
1398967275 115 35 45 14 3 0 1 37 21 10 16 0 0 3 0 7 0 0 0 4
1398967732 115 35 46 14 3 0 1 37 21 10 16 0 0 3 0 7 0 0 0 4
1398968368 115 35 47 14 3 0 1 37 21 10 16 0 0 3 0 7 0 0 0 4
1399046104 115 35 47 14 3 0 2 37 21 10 16 0 0 3 0 7 0 0 0 4
1399074886 115 35 47 14 4 0 2 37 21 10 16 0 0 3 0 7 0 0 0 4
1399085556 115 36 47 14 4 0 2 37 21 10 16 0 0 3 0 7 0 0 0 4
1399089125 115 37 47 14 4 0 2 37 21 10 16 0 0 3 0 7 0 0 0 4
1399090529 115 38 47 14 4 0 2 37 21 10 16 0 0 3 0 7 0 0 0 4
1399096308 115 39 47 14 4 0 2 37 21 10 16 0 0 3 0 7 0 0 0 4
1399393758 115 39 47 14 4 0 2 37 21 10 16 0 0 4 0 7 0 0 0 4
1399395030 115 39 47 14 4 0 2 37 21 10 16 0 0 5 0 7 0 0 0 4
1399472946 115 40 47 14 4 0 2 37 21 10 16 0 0 5 0 7 0 0 0 4
1399474150 115 41 47 14 4 0 2 37 21 10 16 0 0 5 0 7 0 0 0 4
1399474628 115 41 47 14 4 0 2 37 21 10 16 0 0 6 0 7 0 0 0 4
1399657065 115 41 47 14 4 0 2 37 21 10 16 0 0 7 0 7 0 0 0 4
1399668279 115 41 48 14 4 0 2 37 21 10 16 0 0 7 0 7 0 0 0 4
1399693440 115 42 48 14 4 0 2 37 21 10 16 0 0 7 0 7 0 0 0 4
1399693474 115 43 48 14 4 0 2 37 21 10 16 0 0 7 0 7 0 0 0 4
1399693512 115 44 48 14 4 0 2 37 21 10 16 0 0 7 0 7 0 0 0 4
1399696652 115 45 48 14 4 0 2 37 21 10 16 0 0 7 0 7 0 0 0 4
1399700192 115 46 48 14 4 0 2 37 21 10 16 0 0 7 0 7 0 0 0 4
1399700361 115 47 48 14 4 0 2 37 21 10 16 0 0 7 0 7 0 0 0 4
1399708030 115 48 48 14 4 0 2 37 21 10 16 0 0 7 0 7 0 0 0 4
1399729505 115 49 48 14 4 0 2 37 21 10 16 0 0 7 0 7 0 0 0 4
1399729528 115 50 48 14 4 0 2 37 21 10 16 0 0 7 0 7 0 0 0 4
1399729576 115 51 48 14 4 0 2 37 21 10 16 0 0 7 0 7 0 0 0 4
1399729604 115 52 48 14 4 0 2 37 21 10 16 0 0 7 0 7 0 0 0 4
1399741428 115 52 48 14 4 0 2 37 21 10 17 0 0 7 0 7 0 0 0 4
1399770407 115 53 48 14 4 0 2 37 21 10 17 0 0 7 0 7 0 0 0 4
1399804160 115 54 48 14 4 0 2 37 21 10 17 0 0 7 0 7 0 0 0 4
1399808384 115 55 48 14 4 0 2 37 21 10 17 0 0 7 0 7 0 0 0 4
1400075168 115 56 48 14 4 0 2 37 21 10 17 0 0 7 0 7 0 0 0 4
1400103408 115 56 49 14 4 0 2 37 21 10 17 0 0 7 0 7 0 0 0 4
1400219251 115 56 50 14 4 0 2 37 21 10 17 0 0 7 0 7 0 0 0 4
1400220727 115 56 51 14 4 0 2 37 21 10 17 0 0 7 0 7 0 0 0 4
1400422530 115 57 51 14 4 0 2 37 21 10 17 0 0 7 0 7 0 0 0 4
1400558144 115 57 51 14 4 0 2 37 21 10 17 0 0 8 0 7 0 0 0 4
1400608640 115 57 51 15 4 0 2 37 21 10 17 0 0 8 0 7 0 0 0 4
1400728942 115 58 51 15 4 0 2 37 21 10 17 0 0 8 0 7 0 0 0 4
1400728976 115 59 51 15 4 0 2 37 21 10 17 0 0 8 0 7 0 0 0 4
1400735495 115 59 52 15 4 0 2 37 21 10 17 0 0 8 0 7 0 0 0 4
1401315989 115 59 52 15 4 0 2 37 21 10 17 0 0 8 0 7 1 0 0 4
1401318283 115 59 52 15 4 0 2 37 21 10 17 0 0 8 0 7 2 0 0 4
1401380904 115 59 52 15 4 0 2 37 21 10 17 0 0 8 0 7 3 0 0 4
1401381064 115 59 52 15 4 0 2 37 21 10 17 0 0 8 0 7 4 0 0 4
1401465929 115 59 52 15 4 0 2 37 21 10 17 0 0 8 0 7 5 0 0 4
1401542798 115 60 52 15 4 0 2 37 21 10 17 0 0 8 0 7 5 0 0 4
1401542866 115 61 52 15 4 0 2 37 21 10 17 0 0 8 0 7 5 0 0 4
1401542963 115 62 52 15 4 0 2 37 21 10 17 0 0 8 0 7 5 0 0 4
1401543597 115 63 52 15 4 0 2 37 21 10 17 0 0 8 0 7 5 0 0 4
1401543864 115 64 52 15 4 0 2 37 21 10 17 0 0 8 0 7 5 0 0 4
1401543895 115 65 52 15 4 0 2 37 21 10 17 0 0 8 0 7 5 0 0 4
1401544501 115 66 52 15 4 0 2 37 21 10 17 0 0 8 0 7 5 0 0 4
1401545003 115 66 53 15 4 0 2 37 21 10 17 0 0 8 0 7 5 0 0 4
1401803964 115 66 53 15 4 0 2 37 21 10 17 0 0 9 0 7 5 0 0 4
1401819785 115 66 54 15 4 0 2 37 21 10 17 0 0 9 0 7 5 0 0 4
1401819965 115 66 54 15 4 0 2 37 21 10 17 0 0 9 0 7 5 0 0 4
1401822647 115 66 55 15 4 0 2 37 21 10 17 0 0 9 0 7 5 0 0 4
1401829141 115 66 56 15 4 0 2 37 21 10 17 0 0 9 0 7 5 0 0 4
1401894318 115 67 56 15 4 0 2 37 21 10 17 0 0 9 0 7 5 0 0 4
1401894384 115 68 56 15 4 0 2 37 21 10 17 0 0 9 0 7 5 0 0 4
1401894953 115 69 56 15 4 0 2 37 21 10 17 0 0 9 0 7 5 0 0 4
1401895198 115 70 56 15 4 0 2 37 21 10 17 0 0 9 0 7 5 0 0 4
1401895246 115 71 56 15 4 0 2 37 21 10 17 0 0 9 0 7 5 0 0 4
1401895482 115 72 56 15 4 0 2 37 21 10 17 0 0 9 0 7 5 0 0 4
1401896235 115 73 56 15 4 0 2 37 21 10 17 0 0 9 0 7 5 0 0 4
1401896284 115 73 56 15 4 0 2 37 22 10 17 0 0 9 0 7 5 0 0 4
1401904863 115 73 57 15 4 0 2 37 22 10 17 0 0 9 0 7 5 0 0 4
1401972384 115 74 57 15 4 0 2 37 22 10 17 0 0 9 0 7 5 0 0 4
1401973514 115 75 57 15 4 0 2 37 22 10 17 0 0 9 0 7 5 0 0 4
1401975430 115 76 57 15 4 0 2 37 22 10 17 0 0 9 0 7 5 0 0 4
1401982717 115 77 57 15 4 0 2 37 22 10 17 0 0 9 0 7 5 0 0 4
1401982835 115 78 57 15 4 0 2 37 22 10 17 0 0 9 0 7 5 0 0 4
1401983710 115 79 57 15 4 0 2 37 22 10 17 0 0 9 0 7 5 0 0 4
1402063596 115 79 57 15 4 0 2 37 23 10 17 0 0 9 0 7 5 0 0 4
1402065486 115 80 57 15 4 0 2 37 23 10 17 0 0 9 0 7 5 0 0 4
1402065577 115 81 57 15 4 0 2 37 23 10 17 0 0 9 0 7 5 0 0 4
1402065635 115 82 57 15 4 0 2 37 23 10 17 0 0 9 0 7 5 0 0 4
1402068168 115 83 57 15 4 0 2 37 23 10 17 0 0 9 0 7 5 0 0 4
1402069902 115 83 57 15 4 0 2 37 23 10 17 0 0 10 0 7 5 0 0 4
1402070575 115 83 58 15 4 0 2 37 23 10 17 0 0 10 0 7 5 0 0 4
1402076720 115 83 59 15 4 0 2 37 23 10 17 0 0 10 0 7 5 0 0 4
1402087457 115 83 60 15 4 0 2 37 23 10 17 0 0 10 0 7 5 0 0 4
1402091320 115 83 61 15 4 0 2 37 23 10 17 0 0 10 0 7 5 0 0 4
1402091386 115 83 62 15 4 0 2 37 23 10 17 0 0 10 0 7 5 0 0 4
1402094070 115 83 62 15 4 0 2 37 24 10 17 0 0 10 0 7 5 0 0 4
1402124722 115 84 62 15 4 0 2 37 24 10 17 0 0 10 0 7 5 0 0 4
1402125751 115 85 62 15 4 0 2 37 24 10 17 0 0 10 0 7 5 0 0 4
1402147212 115 86 62 15 4 0 2 37 24 10 17 0 0 10 0 7 5 0 0 4
1402147433 115 87 62 15 4 0 2 37 24 10 17 0 0 10 0 7 5 0 0 4
1402147639 115 88 62 15 4 0 2 37 24 10 17 0 0 10 0 7 5 0 0 4
1402150754 115 89 62 15 4 0 2 37 24 10 17 0 0 10 0 7 5 0 0 4
1402150785 115 90 62 15 4 0 2 37 24 10 17 0 0 10 0 7 5 0 0 4
1402169685 115 90 63 15 4 0 2 37 24 10 17 0 0 10 0 7 5 0 0 4
1402198293 115 91 63 15 4 0 2 37 24 10 17 0 0 10 0 7 5 0 0 4
1402199414 115 92 63 15 4 0 2 37 24 10 17 0 0 10 0 7 5 0 0 4
1402247451 115 92 64 15 4 0 2 37 24 10 17 0 0 10 0 7 5 0 0 4
1402357115 115 92 64 15 4 0 2 37 25 10 17 0 0 10 0 7 5 0 0 4
1402467628 115 92 64 15 4 0 2 37 25 10 17 0 0 10 1 7 5 0 0 4
1402468188 115 92 64 15 4 0 2 37 25 10 17 0 0 10 2 7 5 0 0 4
1402506498 115 92 64 15 4 0 2 37 25 10 17 0 0 10 3 7 5 0 0 4
1402585996 115 92 65 15 4 0 2 37 25 10 17 0 0 10 3 7 5 0 0 4
1402606268 115 92 66 15 4 0 2 37 25 10 17 0 0 10 3 7 5 0 0 4
1402744257 115 92 66 15 4 0 2 37 25 11 17 0 0 10 3 7 5 0 0 4
1403014421 115 92 67 15 4 0 2 37 25 11 17 0 0 10 3 7 5 0 0 4
1403068257 115 93 67 15 4 0 2 37 25 11 17 0 0 10 3 7 5 0 0 4
1403069520 115 94 67 15 4 0 2 37 25 11 17 0 0 10 3 7 5 0 0 4
1403107079 115 94 68 15 4 0 2 37 25 11 17 0 0 10 3 7 5 0 0 4
1403322157 115 94 68 15 4 0 2 37 25 11 17 0 1 10 3 7 5 0 0 4
1403338670 115 95 68 15 4 0 2 37 25 11 17 0 1 10 3 7 5 0 0 4
1403338842 115 96 68 15 4 0 2 37 25 11 17 0 1 10 3 7 5 0 0 4
1403484563 115 96 68 15 5 0 2 37 25 11 17 0 1 10 3 7 5 0 0 4
1403509440 115 96 68 15 7 0 2 37 25 11 17 0 1 10 3 7 5 0 0 4
1403512239 115 96 68 15 8 0 2 37 25 11 17 0 1 10 3 7 5 0 0 4
1403548131 115 96 68 15 9 0 2 37 25 11 17 0 1 10 3 7 5 0 0 4
1403548181 115 96 68 15 10 0 2 37 25 11 17 0 1 10 3 7 5 0 0 4
1403550121 115 96 68 15 11 0 2 37 25 11 17 0 1 10 3 7 5 0 0 4
1403550134 115 96 68 15 12 0 2 37 25 11 17 0 1 10 3 7 5 0 0 4
1403550305 115 96 68 15 13 0 2 37 25 11 17 0 1 10 3 7 5 0 0 4
1403550370 115 96 68 15 14 0 2 37 25 11 17 0 1 10 3 7 5 0 0 4
1403589113 115 96 68 15 15 0 2 37 25 11 17 0 1 10 3 7 5 0 0 4
1403628111 115 96 68 16 15 0 2 37 25 11 17 0 1 10 3 7 5 0 0 4
1403650556 115 96 68 16 16 0 2 37 25 11 17 0 1 10 3 7 5 0 0 4
1403651339 115 96 68 16 17 0 2 37 25 11 17 0 1 10 3 7 5 0 0 4
1403652078 115 96 68 16 18 0 2 37 25 11 17 0 1 10 3 7 5 0 0 4
1403652584 115 96 68 16 19 0 2 37 25 11 17 0 1 10 3 7 5 0 0 4
1403731682 115 96 68 16 20 0 2 37 25 11 17 0 1 10 3 7 5 0 0 4
1403732084 115 96 68 16 21 0 2 37 25 11 17 0 1 10 3 7 5 0 0 4
1403732101 115 96 68 16 22 0 2 37 25 11 17 0 1 10 3 7 5 0 0 4
1403878929 115 96 68 16 22 0 2 37 25 11 17 0 2 10 3 7 5 0 0 4
1403905908 115 96 68 17 22 0 2 37 25 11 17 0 2 10 3 7 5 0 0 4
1404171412 115 96 68 17 23 0 2 37 25 11 17 0 2 10 3 7 5 0 0 4
1404172364 115 96 68 18 23 0 2 37 25 11 17 0 2 10 3 7 5 0 0 4
1404368858 115 96 68 18 23 0 2 37 25 11 17 0 3 10 3 7 5 0 0 4
1404371977 115 97 68 18 23 0 2 37 25 11 17 0 3 10 3 7 5 0 0 4
1404373974 115 98 68 18 23 0 2 37 25 11 17 0 3 10 3 7 5 0 0 4
1404374806 115 98 68 18 23 0 2 37 25 11 17 0 4 10 3 7 5 0 0 4
1404376097 115 99 68 18 23 0 2 37 25 11 17 0 4 10 3 7 5 0 0 4
1404380846 115 100 68 18 23 0 2 37 25 11 17 0 4 10 3 7 5 0 0 4
1404395391 115 101 68 18 23 0 2 37 25 11 17 0 4 10 3 7 5 0 0 4
1404397430 115 102 68 18 23 0 2 37 25 11 17 0 4 10 3 7 5 0 0 4
1404398727 115 103 68 18 23 0 2 37 25 11 17 0 4 10 3 7 5 0 0 4
1404439431 115 103 68 18 23 0 2 37 25 12 17 0 4 10 3 7 5 0 0 4
1404486224 115 103 69 18 23 0 2 37 25 12 17 0 4 10 3 7 5 0 0 4
1404531046 115 103 69 18 23 0 2 37 25 12 17 0 5 10 3 7 5 0 0 4
1404531304 115 104 69 18 23 0 2 37 25 12 17 0 5 10 3 7 5 0 0 4
1404654139 115 105 69 18 23 0 2 37 25 12 17 0 5 10 3 7 5 0 0 4
1404654171 115 106 69 18 23 0 2 37 25 12 17 0 5 10 3 7 5 0 0 4
1404654572 115 107 69 18 23 0 2 37 25 12 17 0 5 10 3 7 5 0 0 4
1404655230 115 108 69 18 23 0 2 37 25 12 17 0 5 10 3 7 5 0 0 4
1404656866 115 109 69 18 23 0 2 37 25 12 17 0 5 10 3 7 5 0 0 4
1404662423 115 109 70 18 23 0 2 37 25 12 17 0 5 10 3 7 5 0 0 4
1404663455 115 109 71 18 23 0 2 37 25 12 17 0 5 10 3 7 5 0 0 4
1404663629 115 109 72 18 23 0 2 37 25 12 17 0 5 10 3 7 5 0 0 4
1404963221 115 109 73 18 23 0 2 37 25 12 17 0 5 10 3 7 5 0 0 4
1405356571 115 109 73 18 23 0 2 37 26 12 17 0 5 10 3 7 5 0 0 4
1405357938 115 109 73 18 23 0 2 37 27 12 17 0 5 10 3 7 5 0 0 4
1405359360 115 109 74 18 23 0 2 37 27 12 17 0 5 10 3 7 5 0 0 4
1407255340 115 109 74 19 23 0 2 37 27 12 17 0 5 10 3 7 5 0 0 4
1407303874 115 109 74 19 23 0 3 37 27 12 17 0 5 10 3 7 5 0 0 4
1407338845 115 109 74 19 23 0 4 37 27 12 17 0 5 10 3 7 5 0 0 4
1407344034 115 109 74 19 23 0 5 37 27 12 17 0 5 10 3 7 5 0 0 4
1407353751 115 109 74 19 23 0 6 37 27 12 17 0 5 10 3 7 5 0 0 4
1407353809 115 109 74 19 23 0 7 37 27 12 17 0 5 10 3 7 5 0 0 4
1407861681 115 109 74 20 23 0 7 37 27 12 17 0 5 10 3 7 5 0 0 4
1408049210 115 109 74 21 23 0 7 37 27 12 17 0 5 10 3 7 5 0 0 4
1408114631 115 110 74 21 23 0 7 37 27 12 17 0 5 10 3 7 5 0 0 4
1408114676 115 111 74 21 23 0 7 37 27 12 17 0 5 10 3 7 5 0 0 4
1408138413 115 111 74 21 23 0 8 37 27 12 17 0 5 10 3 7 5 0 0 4
1408140431 115 111 74 21 23 0 9 37 27 12 17 0 5 10 3 7 5 0 0 4
1408140479 115 111 74 21 23 0 10 37 27 12 17 0 5 10 3 7 5 0 0 4
1408172162 115 111 74 21 23 0 10 37 27 12 17 0 6 10 3 7 5 0 0 4
1408172232 115 111 74 21 23 0 10 37 27 12 17 0 7 10 3 7 5 0 0 4
1408224823 115 111 74 21 23 0 11 37 27 12 17 0 7 10 3 7 5 0 0 4
1408239177 115 111 74 21 23 0 11 37 27 12 17 0 8 10 3 7 5 0 0 4
1408481814 116 111 74 21 23 0 11 37 27 12 17 0 8 10 3 7 5 0 0 4
1408484197 116 111 75 21 23 0 11 37 27 12 17 0 8 10 3 7 5 0 0 4
1408652863 116 111 75 22 23 0 11 37 27 12 17 0 8 10 3 7 5 0 0 4
1408652878 116 111 75 23 23 0 11 37 27 12 17 0 8 10 3 7 5 0 0 4
1408653103 116 111 75 24 23 0 11 37 27 12 17 0 8 10 3 7 5 0 0 4
1408685405 116 111 75 24 23 0 11 37 27 12 17 0 8 10 4 7 5 0 0 4
1408685949 116 111 75 24 23 0 11 37 27 12 17 0 8 10 5 7 5 0 0 4
1408689112 116 111 75 24 23 0 11 37 27 12 17 0 8 10 6 7 5 0 0 4
1408724467 116 111 75 25 23 0 11 37 27 12 17 0 8 10 6 7 5 0 0 4
1408724725 116 111 75 26 23 0 11 37 27 12 17 0 8 10 6 7 5 0 0 4
1409095963 116 111 75 27 23 0 11 37 27 12 17 0 8 10 6 7 5 0 0 4
1409119418 116 111 75 27 23 0 11 37 27 12 17 0 8 10 7 7 5 0 0 4
1409124406 116 111 75 27 23 0 11 37 27 12 17 0 8 10 8 7 5 0 0 4
1409124994 116 111 75 27 23 0 11 37 27 12 17 0 8 10 9 7 5 0 0 4
1409165280 116 111 75 28 23 0 11 37 27 12 17 0 8 10 9 7 5 0 0 4
1409671974 116 111 75 28 23 0 11 37 27 12 17 0 8 10 10 7 5 0 0 4
1409684490 116 111 75 29 23 0 11 37 27 12 17 0 8 10 10 7 5 0 0 4
1409693668 116 111 75 29 23 0 12 37 27 12 17 0 8 10 10 7 5 0 0 4
1409697860 116 111 75 29 23 0 13 37 27 12 17 0 8 10 10 7 5 0 0 4
1409713330 116 111 75 29 23 0 14 37 27 12 17 0 8 10 10 7 5 0 0 4
1409718109 116 111 75 29 23 0 15 37 27 12 17 0 8 10 10 7 5 0 0 4
1409718415 116 111 75 29 23 0 16 37 27 12 17 0 8 10 10 7 5 0 0 4
1409769414 116 111 76 29 23 0 16 37 27 12 17 0 8 10 10 7 5 0 0 4
1409777513 116 111 76 29 24 0 16 37 27 12 17 0 8 10 10 7 5 0 0 4
1409837679 116 112 76 29 24 0 16 37 27 12 17 0 8 10 10 7 5 0 0 4
1409844280 116 112 77 29 24 0 16 37 27 12 17 0 8 10 10 7 5 0 0 4
1409928774 117 112 77 29 24 0 16 37 27 12 17 0 8 10 10 7 5 0 0 4
1409929076 118 112 77 29 24 0 16 37 27 12 17 0 8 10 10 7 5 0 0 4
1409930647 119 112 77 29 24 0 16 37 27 12 17 0 8 10 10 7 5 0 0 4
1409931413 120 112 77 29 24 0 16 37 27 12 17 0 8 10 10 7 5 0 0 4
1409931845 121 112 77 29 24 0 16 37 27 12 17 0 8 10 10 7 5 0 0 4
1409949761 123 112 77 29 24 0 16 37 27 12 17 0 8 10 10 7 5 0 0 4
1409953050 124 112 77 29 24 0 16 37 27 12 17 0 8 10 10 7 5 0 0 4
1409965062 125 113 77 29 24 0 16 37 27 12 17 0 8 10 10 7 5 0 0 4
1410067919 125 116 77 29 24 0 16 37 27 12 17 0 8 10 10 7 5 0 0 4
1410069112 125 117 77 29 24 0 16 37 27 12 17 0 8 10 10 7 5 0 0 4
1410069343 125 118 77 29 24 0 16 37 27 12 17 0 8 10 10 7 5 0 0 4
1410069383 125 119 77 29 24 0 16 37 27 12 17 0 8 10 10 7 5 0 0 4
1410069627 125 120 77 29 24 0 16 37 27 12 17 0 8 10 10 7 5 0 0 4
1410070080 125 121 77 29 24 0 16 37 27 12 17 0 8 10 10 7 5 0 0 4
1410070336 125 122 77 29 24 0 16 37 27 12 17 0 8 10 10 7 5 0 0 4
1410075952 125 123 77 29 24 0 16 37 27 12 17 0 8 10 10 7 5 0 0 4
1410093856 125 124 77 29 24 0 16 37 27 12 17 0 8 10 10 7 5 0 0 4
1410094027 125 125 77 29 24 0 16 37 27 12 17 0 8 10 10 7 5 0 0 4
1410094219 125 126 77 29 24 0 16 37 27 12 17 0 8 10 10 7 5 0 0 4
1410094661 125 127 77 29 24 0 16 37 27 12 17 0 8 10 10 7 5 0 0 4
1410097840 125 128 77 29 24 0 16 37 27 12 17 0 8 10 10 7 5 0 0 4
1410098078 125 129 77 29 24 0 16 37 27 12 17 0 8 10 10 7 5 0 0 4
1410098601 125 130 77 29 24 0 16 37 27 12 17 0 8 10 10 7 5 0 0 4
1410099080 125 131 77 29 24 0 16 37 27 12 17 0 8 10 10 7 5 0 0 4
1410099293 125 132 77 29 24 0 16 37 27 12 17 0 8 10 10 7 5 0 0 4
1410099719 125 133 77 29 24 0 16 37 27 12 17 0 8 10 10 7 5 0 0 4
1410099955 125 134 77 29 24 0 16 37 27 12 17 0 8 10 10 7 5 0 0 4
1410100285 125 135 77 29 24 0 16 37 27 12 17 0 8 10 10 7 5 0 0 4
1410100538 125 136 77 29 24 0 16 37 27 12 17 0 8 10 10 7 5 0 0 4
1410101193 125 137 77 29 24 0 16 37 27 12 17 0 8 10 10 7 5 0 0 4
1410145190 125 138 77 29 24 0 16 37 27 12 17 0 8 10 10 7 5 0 0 4
1410146396 125 139 77 29 24 0 16 37 27 12 17 0 8 10 10 7 5 0 0 4
1410146456 125 140 77 29 24 0 16 37 27 12 17 0 8 10 10 7 5 0 0 4
1410147077 125 141 77 29 24 0 16 37 27 12 17 0 8 10 10 7 5 0 0 4
1410147434 125 142 77 29 24 0 16 37 27 12 17 0 8 10 10 7 5 0 0 4
1410147571 125 143 77 29 24 0 16 37 27 12 17 0 8 10 10 7 5 0 0 4
1410147659 125 144 77 29 24 0 16 37 27 12 17 0 8 10 10 7 5 0 0 4
1410147916 125 145 77 29 24 0 16 37 27 12 17 0 8 10 10 7 5 0 0 4
1410148038 125 146 77 29 24 0 16 37 27 12 17 0 8 10 10 7 5 0 0 4
1410148203 125 147 77 29 24 0 16 37 27 12 17 0 8 10 10 7 5 0 0 4
1410148634 125 148 77 29 24 0 16 37 27 12 17 0 8 10 10 7 5 0 0 4
1410148658 125 149 77 29 24 0 16 37 27 12 17 0 8 10 10 7 5 0 0 4
1410148688 125 152 77 29 24 0 16 37 27 12 17 0 8 10 10 7 5 0 0 4
1410153313 125 153 77 29 24 0 16 37 27 12 17 0 8 10 10 7 5 0 0 4
1410153927 125 154 77 29 24 0 16 37 27 12 17 0 8 10 10 7 5 0 0 4
1410153954 125 155 77 29 24 0 16 37 27 12 17 0 8 10 10 7 5 0 0 4
1410154321 125 156 77 29 24 0 16 37 27 12 17 0 8 10 10 7 5 0 0 4
1410154611 125 157 77 29 24 0 16 37 27 12 17 0 8 10 10 7 5 0 0 4
1410154908 125 158 77 29 24 0 16 37 27 12 17 0 8 10 10 7 5 0 0 4
1410155243 125 159 77 29 24 0 16 37 27 12 17 0 8 10 10 7 5 0 0 4
1410155788 125 160 77 29 24 0 16 37 27 12 17 0 8 10 10 7 5 0 0 4
1410156153 125 161 77 29 24 0 16 37 27 12 17 0 8 10 10 7 5 0 0 4
1410157151 125 162 77 29 24 0 16 37 27 12 17 0 8 10 10 7 5 0 0 4
1410162207 125 163 77 29 24 0 16 37 27 12 17 0 8 10 10 7 5 0 0 4
1410162221 125 164 77 29 24 0 16 37 27 12 17 0 8 10 10 7 5 0 0 4
1410172797 125 165 77 29 24 0 16 37 27 12 17 0 8 10 10 7 5 0 0 4
1410191067 126 165 77 29 24 0 16 37 27 12 17 0 8 10 10 7 5 0 0 4
1410191772 127 165 77 29 24 0 16 37 27 12 17 0 8 10 10 7 5 0 0 4
1410192744 128 165 77 29 24 0 16 37 27 12 17 0 8 10 10 7 5 0 0 4
1410199914 129 165 77 29 24 0 16 37 27 12 17 0 8 10 10 7 5 0 0 4
1410200256 130 165 77 29 24 0 16 37 27 12 17 0 8 10 10 7 5 0 0 4
1410203604 131 165 77 29 24 0 16 37 27 12 17 0 8 10 10 7 5 0 0 4
1410204882 132 165 77 29 24 0 16 37 27 12 17 0 8 10 10 7 5 0 0 4
1410205702 133 165 77 29 24 0 16 37 27 12 17 0 8 10 10 7 5 0 0 4
1410207190 135 165 77 29 24 0 16 37 27 12 17 0 8 10 10 7 5 0 0 4
1410209830 135 165 77 30 24 0 16 37 27 12 17 0 8 10 10 7 5 0 0 4
1410210629 136 165 77 30 24 0 16 37 27 12 17 0 8 10 10 7 5 0 0 4
1410357373 136 166 77 30 24 0 16 37 27 12 17 0 8 10 10 7 5 0 0 4
1410357696 136 167 77 30 24 0 16 37 27 12 17 0 8 10 10 7 5 0 0 4
1410360099 136 168 77 30 24 0 16 37 27 12 17 0 8 10 10 7 5 0 0 4
1410364587 136 169 77 30 24 0 16 37 27 12 17 0 8 10 10 7 5 0 0 4
1410398950 136 169 77 30 24 0 16 37 27 12 17 0 9 10 10 7 5 0 0 4
1410399155 136 169 77 30 24 0 16 37 27 12 17 0 10 10 10 7 5 0 0 4
1410463079 136 169 78 30 24 0 16 37 27 12 17 0 10 10 10 7 5 0 0 4
1410463333 136 169 79 30 24 0 16 37 27 12 17 0 10 10 10 7 5 0 0 4
1410471993 137 169 79 30 24 0 16 37 27 12 17 0 10 10 10 7 5 0 0 4
1410472823 138 169 79 30 24 0 16 37 27 12 17 0 10 10 10 7 5 0 0 4
1410479724 140 169 79 30 24 0 16 37 27 12 17 0 10 10 10 7 5 0 0 4
1411027553 141 169 79 30 24 0 16 37 27 12 17 0 10 10 10 7 5 0 0 4
1411027999 142 169 79 30 24 0 16 37 27 12 17 0 10 10 10 7 5 0 0 4
1411029704 143 169 79 30 24 0 16 37 27 12 17 0 10 10 10 7 5 0 0 4
1411031906 144 169 79 30 24 0 16 37 27 12 17 0 10 10 10 7 5 0 0 4
1411032406 145 169 79 30 24 0 16 37 27 12 17 0 10 10 10 7 5 0 0 4
1411033638 146 169 79 30 24 0 16 37 27 12 17 0 10 10 10 7 5 0 0 4
1411034546 147 169 79 30 24 0 16 37 27 12 17 0 10 10 10 7 5 0 0 4
1411069662 147 169 79 30 24 0 17 37 27 12 17 0 10 10 10 7 5 0 0 4
1411069946 147 169 79 30 24 0 17 37 27 12 17 0 10 10 10 7 5 1 0 4
1411073082 147 169 79 30 24 0 18 37 27 12 17 0 10 10 10 7 5 1 0 4
1411207508 148 169 79 30 24 0 18 37 27 12 17 0 10 10 10 7 5 1 0 4
1411217437 149 169 79 30 24 0 18 37 27 12 17 0 10 10 10 7 5 1 0 4
1411217668 150 169 79 30 24 0 18 37 27 12 17 0 10 10 10 7 5 1 0 4
1411237660 151 169 79 30 24 0 18 37 27 12 17 0 10 10 10 7 5 1 0 4
1411593706 151 169 79 30 24 0 19 37 27 12 17 0 10 10 10 7 5 1 0 4
1411678154 151 169 79 30 24 0 20 37 27 12 17 0 10 10 10 7 5 1 0 4
1411678196 151 169 79 30 24 0 21 37 27 12 17 0 10 10 10 7 5 1 0 4
1411743300 151 169 79 32 24 0 22 37 27 12 17 0 10 10 10 7 5 1 0 4
1412029264 151 169 79 33 24 0 22 37 27 12 17 0 10 10 10 7 5 1 0 4
1412030986 151 169 79 34 24 0 22 37 27 12 17 0 10 10 10 7 5 1 0 4
1412111593 151 169 79 35 24 0 22 37 27 12 17 0 10 10 10 7 5 1 0 4
1412120411 151 169 79 36 24 0 22 37 27 12 17 0 10 10 10 7 5 1 0 4
1412121304 151 169 79 37 24 0 22 37 27 12 17 0 10 10 10 7 5 1 0 4
1412121519 151 169 79 38 24 0 22 37 27 12 17 0 10 10 10 7 5 1 0 4
1412179286 151 169 79 39 24 0 22 37 27 12 17 0 10 10 10 7 5 1 0 4
1412272832 151 169 79 40 24 0 22 37 27 12 17 0 10 10 10 7 5 1 0 4
1412276947 151 169 79 41 24 0 22 37 27 12 17 0 10 10 10 7 5 1 0 4
1412298899 151 169 79 42 24 0 22 37 27 12 17 0 10 10 10 7 5 1 0 4
1412333686 151 170 79 42 24 0 22 37 27 12 17 0 10 10 10 7 5 1 0 4
1412335453 151 171 79 42 24 0 22 37 27 12 17 0 10 10 10 7 5 1 0 4
1412347129 151 172 79 42 24 0 22 37 27 12 17 0 10 10 10 7 5 1 0 4
1412610501 151 172 79 42 24 0 23 37 27 12 17 0 10 10 10 7 5 1 0 4
1412715213 152 172 79 42 24 0 23 37 27 12 17 0 10 10 10 7 5 1 0 4
1412718709 153 172 79 42 24 0 23 37 27 12 17 0 10 10 10 7 5 1 0 4
1412805515 153 172 80 42 24 0 23 37 27 12 17 0 10 10 10 7 5 1 0 4
1412809058 153 172 81 42 24 0 23 37 27 12 17 0 10 10 10 7 5 1 0 4
1412970265 153 172 82 42 24 0 23 37 27 12 17 0 10 10 10 7 5 1 0 4
1413644244 154 172 82 42 24 0 23 37 27 12 17 0 10 10 10 7 5 1 0 4
1413649341 155 172 82 42 24 0 23 37 27 12 17 0 10 10 10 7 5 1 0 4
1413649542 156 172 82 42 24 0 23 37 27 12 17 0 10 10 10 7 5 1 0 4
1413659264 157 172 82 42 24 0 23 37 27 12 17 0 10 10 10 7 5 1 0 4
1413885765 158 172 82 42 24 0 23 37 27 12 17 0 10 10 10 7 5 1 0 4
1413887902 159 172 82 42 24 0 23 37 27 12 17 0 10 10 10 7 5 1 0 4
1413888858 160 172 82 42 24 0 23 37 27 12 17 0 10 10 10 7 5 1 0 4
1413889321 161 172 82 42 24 0 23 37 27 12 17 0 10 10 10 7 5 1 0 4
1413890744 162 172 82 42 24 0 23 37 27 12 17 0 10 10 10 7 5 1 0 4
1414099649 162 172 82 42 24 1 23 37 27 12 17 0 10 10 10 7 5 1 0 4
1414619559 162 172 82 42 25 1 23 37 27 12 17 0 10 10 10 7 5 1 0 4
1414624843 162 172 82 42 26 1 23 37 27 12 17 0 10 10 10 7 5 1 0 4
1414711890 162 172 82 42 27 1 23 37 27 12 17 0 10 10 10 7 5 1 0 4
1414713327 162 172 82 42 28 1 23 37 27 12 17 0 10 10 10 7 5 1 0 4
1414713332 162 172 82 42 29 1 23 37 27 12 17 0 10 10 10 7 5 1 0 4
1414715391 162 172 82 42 30 1 23 37 27 12 17 0 10 10 10 7 5 1 0 4
1414717112 162 172 82 42 31 1 23 37 27 12 17 0 10 10 10 7 5 1 0 4
1414734133 162 172 82 42 32 1 23 37 27 12 17 0 10 10 10 7 5 1 0 4
1414735802 162 172 82 42 33 1 23 37 27 12 17 0 10 10 10 7 5 1 0 4
1414737445 162 172 82 42 34 1 23 37 27 12 17 0 10 10 10 7 5 1 0 4
1414778116 162 172 82 42 35 1 23 37 27 12 17 0 10 10 10 7 5 1 0 4
1414778902 162 172 82 42 35 1 24 37 27 12 17 0 10 10 10 7 5 1 0 4
1414779088 162 172 82 42 36 1 24 37 27 12 17 0 10 10 10 7 5 1 0 4
1414794861 162 172 82 42 36 1 25 37 27 12 17 0 10 10 10 7 5 1 0 4
1414795389 162 172 82 42 36 1 26 37 27 12 17 0 10 10 10 7 5 1 0 4
1414797732 162 172 82 43 36 1 26 37 27 12 17 0 10 10 10 7 5 1 0 4
1414803294 162 172 82 44 36 1 26 37 27 12 17 0 10 10 10 7 5 1 0 4
1415045145 162 172 82 44 37 1 26 37 27 12 17 0 10 10 10 7 5 1 0 4
1415049644 162 172 82 44 38 1 26 37 27 12 17 0 10 10 10 7 5 1 0 4
1415059786 162 172 82 44 39 1 26 37 27 12 17 0 10 10 10 7 5 1 0 4
1415062445 162 172 82 44 40 1 26 37 27 12 17 0 10 10 10 7 5 1 0 4
1415063449 162 172 82 44 41 1 26 37 27 12 17 0 10 10 10 7 5 1 0 4
1415084941 162 172 82 44 42 1 26 37 27 12 17 0 10 10 10 7 5 1 0 4
1415085447 162 172 82 44 43 1 26 37 27 12 17 0 10 10 10 7 5 1 0 4
1415143928 162 172 82 45 43 1 26 37 27 12 17 0 10 10 10 7 5 1 0 4
1415144807 162 172 82 46 43 1 26 37 27 12 17 0 10 10 10 7 5 1 0 4
1415146931 162 172 82 46 44 1 26 37 27 12 17 0 10 10 10 7 5 1 0 4
1415148356 162 172 82 46 45 1 26 37 27 12 17 0 10 10 10 7 5 1 0 4
1415151270 162 172 82 46 46 1 26 37 27 12 17 0 10 10 10 7 5 1 0 4
1415152236 162 172 82 46 47 1 26 37 27 12 17 0 10 10 10 7 5 1 0 4
1415152873 162 172 82 46 48 1 26 37 27 12 17 0 10 10 10 7 5 1 0 4
1415153615 162 172 82 46 49 1 26 37 27 12 17 0 10 10 10 7 5 1 0 4
1415153706 162 172 82 46 50 1 26 37 27 12 17 0 10 10 10 7 5 1 0 4
1415160669 162 172 82 46 51 1 26 37 27 12 17 0 10 10 10 7 5 1 0 4
1415161737 162 172 82 46 52 1 26 37 27 12 17 0 10 10 10 7 5 1 0 4
1415228452 162 172 82 46 53 1 26 37 27 12 17 0 10 10 10 7 5 1 0 4
1415232768 162 172 82 46 54 1 26 37 27 12 17 0 10 10 10 7 5 1 0 4
1415233220 162 172 82 46 55 1 26 37 27 12 17 0 10 10 10 7 5 1 0 4
1415234671 162 172 82 46 56 1 26 37 27 12 17 0 10 10 10 7 5 1 0 4
1415239201 162 172 82 46 57 1 26 37 27 12 17 0 10 10 10 7 5 1 0 4
1415239300 162 172 82 46 58 1 26 37 27 12 17 0 10 10 10 7 5 1 0 4
1415245221 162 172 82 46 58 1 27 37 27 12 17 0 10 10 10 7 5 1 0 4
1415246136 162 172 82 46 59 1 27 37 27 12 17 0 10 10 10 7 5 1 0 4
1415250121 162 172 82 46 60 1 27 37 27 12 17 0 10 10 10 7 5 1 0 4
1415250362 162 172 82 46 61 1 27 37 27 12 17 0 10 10 10 7 5 1 0 4
1415250707 162 172 82 46 62 1 27 37 27 12 17 0 10 10 10 7 5 1 0 4
1415250772 162 172 82 46 63 1 27 37 27 12 17 0 10 10 10 7 5 1 0 4
1415251084 162 172 82 46 64 1 27 37 27 12 17 0 10 10 10 7 5 1 0 4
1415260277 162 172 82 46 65 1 27 37 27 12 17 0 10 10 10 7 5 1 0 4
1415260391 162 172 82 46 65 2 27 37 27 12 17 0 10 10 10 7 5 1 0 4
1415397251 162 172 82 46 66 2 27 37 27 12 17 0 10 10 10 7 5 1 0 4
1415397424 162 172 82 46 67 2 27 37 27 12 17 0 10 10 10 7 5 1 0 4
1415651090 162 172 82 46 68 2 27 37 27 12 17 0 10 10 10 7 5 1 0 4
1415651334 162 172 82 46 69 2 27 37 27 12 17 0 10 10 10 7 5 1 0 4
1415652292 162 172 82 46 70 2 27 37 27 12 17 0 10 10 10 7 5 1 0 4
1415736173 162 172 82 46 71 2 27 37 27 12 17 0 10 10 10 7 5 1 0 4
1415846704 162 172 82 46 72 2 27 37 27 12 17 0 10 10 10 7 5 1 0 4
1415854261 162 172 82 46 73 2 27 37 27 12 17 0 10 10 10 7 5 1 0 4
1415854368 162 172 82 46 74 2 27 37 27 12 17 0 10 10 10 7 5 1 0 4
1416001591 162 172 82 46 75 2 27 37 27 12 17 0 10 10 10 7 5 1 0 4
1416001652 162 172 82 46 75 2 28 37 27 12 17 0 10 10 10 7 5 1 0 4
1416003538 162 172 82 46 76 2 28 37 27 12 17 0 10 10 10 7 5 1 0 4
1416003676 162 172 82 46 77 2 28 37 27 12 17 0 10 10 10 7 5 1 0 4
1416003865 162 172 82 46 78 2 28 37 27 12 17 0 10 10 10 7 5 1 0 4
1416004324 162 172 82 46 78 2 29 37 27 12 17 0 10 10 10 7 5 1 0 4
1416005742 162 172 82 46 78 2 30 37 27 12 17 0 10 10 10 7 5 1 0 4
1416007742 162 172 82 46 78 2 31 37 27 12 17 0 10 10 10 7 5 1 0 4
1416010010 162 172 82 46 79 2 31 37 27 12 17 0 10 10 10 7 5 1 0 4
1416013630 162 172 82 46 80 2 31 37 27 12 17 0 10 10 10 7 5 1 0 4
1416013641 162 172 82 46 81 2 31 37 27 12 17 0 10 10 10 7 5 1 0 4
1416269796 162 172 82 46 82 2 31 37 27 12 17 0 10 10 10 7 5 1 0 4
1416270082 162 172 82 46 83 2 31 37 27 12 17 0 10 10 10 7 5 1 0 4
1416271485 162 172 82 46 84 2 31 37 27 12 17 0 10 10 10 7 5 1 0 4
1416272376 162 172 82 46 84 2 32 37 27 12 17 0 10 10 10 7 5 1 0 4
1416272688 162 172 82 46 84 2 33 37 27 12 17 0 10 10 10 7 5 1 0 4
1416280546 162 172 82 46 84 2 34 37 27 12 17 0 10 10 10 7 5 1 0 4
1416335225 162 172 82 46 84 2 35 37 27 12 17 0 10 10 10 7 5 1 0 4
1416369582 162 172 82 46 85 2 35 37 27 12 17 0 10 10 10 7 5 1 0 4
1416376470 162 172 82 46 85 2 36 37 27 12 17 0 10 10 10 7 5 1 0 4
1416392096 162 172 82 46 85 3 36 37 27 12 17 0 10 10 10 7 5 1 0 4
1416427001 162 172 83 46 85 3 36 37 27 12 17 0 10 10 10 7 5 1 0 4
1416439814 162 172 83 46 86 3 36 37 27 12 17 0 10 10 10 7 5 1 0 4
1416520806 162 172 84 46 86 3 36 37 27 12 17 0 10 10 10 7 5 1 0 4
1416521874 162 172 85 46 86 3 36 37 27 12 17 0 10 10 10 7 5 1 0 4
1416523965 162 172 86 46 86 3 36 37 27 12 17 0 10 10 10 7 5 1 0 4
1416525274 162 172 87 46 86 3 36 37 27 12 17 0 10 10 10 7 5 1 0 4
1416528220 162 172 88 46 86 3 36 37 27 12 17 0 10 10 10 7 5 1 0 4
1416529311 162 172 89 46 86 3 36 37 27 12 17 0 10 10 10 7 5 1 0 4
1416530851 162 172 90 46 86 3 36 37 27 12 17 0 10 10 10 7 5 1 0 4
1416531436 162 172 91 46 86 3 36 37 27 12 17 0 10 10 10 7 5 1 0 4
1416544771 162 172 91 46 87 3 36 37 27 12 17 0 10 10 10 7 5 1 0 4
1416547809 162 172 91 46 88 3 36 37 27 12 17 0 10 10 10 7 5 1 0 4
1416548168 162 172 91 46 89 3 36 37 27 12 17 0 10 10 10 7 5 1 0 4
1416552465 162 172 91 46 90 3 36 37 27 12 17 0 10 10 10 7 5 1 0 4
1416614327 162 172 91 46 91 3 36 37 27 12 17 0 10 10 10 7 5 1 0 4
1416615064 162 172 91 46 92 3 36 37 27 12 17 0 10 10 10 7 5 1 0 4
1416617986 162 172 91 46 93 3 36 37 27 12 17 0 10 10 10 7 5 1 0 4
1416618766 162 172 91 46 94 3 36 37 27 12 17 0 10 10 10 7 5 1 0 4
1416621086 162 172 91 47 95 3 36 37 27 12 17 0 10 10 10 7 5 1 0 4
1416848993 162 172 91 47 95 3 37 37 27 12 17 0 10 10 10 7 5 1 0 4
1416854096 162 172 91 47 95 3 38 37 27 12 17 0 10 10 10 7 5 1 0 4
1416856064 162 172 91 48 95 3 38 37 27 12 17 0 10 10 10 7 5 1 0 4
1416897842 162 172 91 48 95 3 39 37 27 12 17 0 10 10 10 7 5 1 0 4
1416898326 162 172 91 48 95 3 40 37 27 12 17 0 10 10 10 7 5 1 0 4
1416899099 162 172 91 48 95 3 41 37 27 12 17 0 10 10 10 7 5 1 0 4
1416899146 162 172 91 48 95 3 42 37 27 12 17 0 10 10 10 7 5 1 0 4
1416927048 162 172 91 48 95 3 42 37 27 12 17 0 10 10 10 7 5 1 0 4
1416934814 162 172 91 48 95 3 42 37 27 12 17 0 10 10 10 7 5 1 0 4
1416936183 162 172 91 48 95 3 42 37 27 12 17 0 10 10 10 7 5 1 0 4
1416944420 162 172 91 48 95 3 43 37 27 12 17 0 10 10 10 7 5 1 0 4
1416951005 162 172 91 48 95 3 43 37 27 13 17 0 10 10 10 7 5 1 0 4
1416952455 162 172 91 48 96 3 43 37 27 13 17 0 10 10 10 7 5 1 0 4
1416953684 162 172 91 48 97 3 43 37 27 13 17 0 10 10 10 7 5 1 0 4
1416960498 162 172 91 48 97 3 43 37 27 14 17 0 10 10 10 7 5 1 0 4
1417028266 162 172 91 48 97 3 43 37 27 15 17 0 10 10 10 7 5 1 0 4
1417029938 162 172 91 48 97 3 43 37 27 16 17 0 10 10 10 7 5 1 0 4
1417159773 162 172 91 49 97 3 43 37 27 16 17 0 10 10 10 7 5 1 0 4
1417161860 162 172 91 50 97 3 43 37 27 16 17 0 10 10 10 7 5 1 0 4
1417292927 162 172 91 51 97 3 43 37 27 16 17 0 10 10 10 7 5 1 0 4
1417392538 162 172 91 51 97 3 43 37 27 17 17 0 10 10 10 7 5 1 0 4
1417395556 162 172 91 51 97 3 44 37 27 17 17 0 10 10 10 7 5 1 0 4
1417428557 162 172 91 51 97 3 44 37 28 17 17 0 10 10 10 7 5 1 0 4
1417476432 162 172 92 51 97 3 44 37 28 17 17 0 10 10 10 7 5 1 0 4
1417563064 162 172 92 51 97 3 44 37 28 17 17 0 10 10 10 7 5 1 0 4
1417564422 162 172 93 51 97 3 44 37 28 17 17 0 10 10 10 7 5 1 0 4
1417579075 162 172 93 51 98 3 44 37 28 17 17 0 10 10 10 7 5 1 0 4
1417648955 162 172 93 53 99 3 44 37 28 17 17 0 10 10 10 7 5 1 0 4
1417664443 162 172 93 54 99 3 44 37 28 17 17 0 10 10 10 7 5 1 0 4
1417664671 162 172 93 55 99 3 44 37 28 17 17 0 10 10 10 7 5 1 0 4
1417665600 162 172 93 56 99 3 44 37 28 17 17 0 10 10 10 7 5 1 0 4
1417748852 162 172 93 57 99 3 44 37 28 17 17 0 10 10 10 7 5 1 0 4
1417798124 162 172 93 59 99 3 44 37 28 17 17 0 10 10 10 7 5 1 0 4
1417804183 162 172 93 60 99 3 44 37 28 17 17 0 10 10 10 7 5 1 0 4
1417816537 162 172 93 60 100 3 44 37 28 17 17 0 10 10 10 7 5 1 0 4
1417820934 162 172 93 60 101 3 44 37 28 17 17 0 10 10 10 7 5 1 0 4
1417820946 162 172 93 60 102 3 44 37 28 17 17 0 10 10 10 7 5 1 0 4
1417820950 162 172 93 60 103 3 44 37 28 17 17 0 10 10 10 7 5 1 0 4
1417820980 162 172 93 60 104 3 44 37 28 17 17 0 10 10 10 7 5 1 0 4
1417823295 162 172 93 61 104 3 44 37 28 17 17 0 10 10 10 7 5 1 0 4
1417824637 162 172 93 62 104 3 44 37 28 17 17 0 10 10 10 7 5 1 0 4
1418059433 162 172 93 63 104 3 44 37 28 17 17 0 10 10 10 7 5 1 0 4
1418081871 162 172 93 63 104 3 44 37 28 18 17 0 10 10 10 7 5 1 0 4
1418087003 162 172 93 64 104 3 44 37 28 18 17 0 10 10 10 7 5 1 0 4
1418087638 162 172 93 65 104 3 44 37 28 18 17 0 10 10 10 7 5 1 0 4
1418147336 162 172 93 66 104 3 44 37 28 18 17 0 10 10 10 7 5 1 0 4
1418151372 162 172 93 67 104 3 44 37 28 18 17 0 10 10 10 7 5 1 0 4
1418171326 162 172 93 68 104 3 44 37 28 18 17 0 10 10 10 7 5 1 0 4
1418172269 162 172 93 69 104 3 44 37 28 18 17 0 10 10 10 7 5 1 0 4
1418249986 162 172 93 69 104 3 44 37 28 19 17 0 10 10 10 7 5 1 0 4
1418260039 162 172 94 69 104 3 44 37 28 19 17 0 10 10 10 7 5 1 0 4
1418434884 162 172 94 70 104 3 44 37 28 19 17 0 10 10 10 7 5 1 0 4
1418670945 162 172 94 71 104 3 44 37 28 19 17 0 10 10 10 7 5 1 0 4
1418676899 162 172 94 71 105 3 44 37 28 19 17 0 10 10 10 7 5 1 0 4
1418683401 162 172 94 72 105 3 44 37 28 19 17 0 10 10 10 7 5 1 0 4
1418685995 162 172 94 73 105 3 44 37 28 19 17 0 10 10 10 7 5 1 0 4
1418688968 162 172 94 74 105 3 44 37 28 19 17 0 10 10 10 7 5 1 0 4
1418689247 162 172 94 75 105 3 44 37 28 19 17 0 10 10 10 7 5 1 0 4
1418695672 162 172 94 79 105 3 44 37 28 19 17 0 10 10 10 7 5 1 0 4
1418944716 162 172 94 80 105 3 44 37 28 19 17 0 10 10 10 7 5 1 0 4
1418944973 162 172 94 81 105 3 44 37 28 19 17 0 10 10 10 7 5 1 0 4
1418945182 162 172 94 82 105 3 44 37 28 19 17 0 10 10 10 7 5 1 0 4
1419034154 162 172 94 83 105 3 44 37 28 19 17 0 10 10 10 7 5 1 0 4
1419034423 162 172 94 84 105 3 44 37 28 19 17 0 10 10 10 7 5 1 0 4
1419039992 162 172 94 85 105 3 44 37 28 19 17 0 10 10 10 7 5 1 0 4
1419269125 162 172 95 85 105 3 44 37 28 19 17 0 10 10 10 7 5 1 0 4
1419270223 162 172 96 85 105 3 44 37 28 19 17 0 10 10 10 7 5 1 0 4
1419274549 162 172 96 86 105 3 44 37 28 19 17 0 10 10 10 7 5 1 0 4
1419298089 162 172 96 86 105 3 44 37 28 20 17 0 10 10 10 7 5 1 0 4
1419350592 162 172 97 86 105 3 44 37 28 20 17 0 10 10 10 7 5 1 0 4
1419372314 162 172 98 86 105 3 44 37 28 20 17 0 10 10 10 7 5 1 0 4
1419372894 162 172 99 86 105 3 44 37 28 20 17 0 10 10 10 7 5 1 0 4
1419373025 162 172 100 86 105 3 44 37 28 20 17 0 10 10 10 7 5 1 0 4
1419373921 162 172 101 86 105 3 44 37 28 20 17 0 10 10 10 7 5 1 0 4
1419374180 162 172 102 86 105 3 44 37 28 20 17 0 10 10 10 7 5 1 0 4
1419374308 162 172 103 86 105 3 44 37 28 20 17 0 10 10 10 7 5 1 0 4
1419376168 162 172 104 86 105 3 44 37 28 20 17 0 10 10 10 7 5 1 0 4
1419457477 162 172 105 86 105 3 44 37 28 20 17 0 10 10 10 7 5 1 0 4
1419627785 163 172 105 86 105 3 44 37 28 20 17 0 10 10 10 7 5 1 0 4
1419628327 164 172 105 86 105 3 44 37 28 20 17 0 10 10 10 7 5 1 0 4
1419628453 165 172 105 86 105 3 44 37 28 20 17 0 10 10 10 7 5 1 0 4
1419711294 165 172 105 86 105 3 44 37 28 21 17 0 10 10 10 7 5 1 0 4
1419719124 166 172 105 86 105 3 44 37 28 21 17 0 10 10 10 7 5 1 0 4
1419719940 167 172 105 86 105 3 44 37 28 21 17 0 10 10 10 7 5 1 0 4
1419722103 168 172 105 86 105 3 44 37 28 21 17 0 10 10 10 7 5 1 0 4
1419757458 169 172 105 86 105 3 44 37 28 21 17 0 10 10 10 7 5 1 0 4
1419758474 170 172 105 86 105 3 44 37 28 21 17 0 10 10 10 7 5 1 0 4
1419759499 171 172 105 86 105 3 44 37 28 21 17 0 10 10 10 7 5 1 0 4
1419762790 172 172 105 86 105 3 44 37 28 21 17 0 10 10 10 7 5 1 0 4
1419764096 173 172 105 86 105 3 44 37 28 21 17 0 10 10 10 7 5 1 0 4
1419764553 174 172 105 86 105 3 44 37 28 21 17 0 10 10 10 7 5 1 0 4
1419764935 175 172 105 86 105 3 44 37 28 21 17 0 10 10 10 7 5 1 0 4
1419780517 175 172 106 86 105 3 44 37 28 21 17 0 10 10 10 7 5 1 0 4
1419813047 175 172 107 86 105 3 44 37 28 21 17 0 10 10 10 7 5 1 0 4
1419886775 176 172 107 86 105 3 44 37 28 21 17 0 10 10 10 7 5 1 0 4
1419896667 177 172 107 86 105 3 44 37 28 21 17 0 10 10 10 7 5 1 0 4
1419939112 178 172 107 86 105 3 44 37 28 21 17 0 10 10 10 7 5 1 0 4
1419941678 180 172 107 86 105 3 44 37 28 21 17 0 10 10 10 7 5 1 0 4
1419943241 181 172 107 86 105 3 44 37 28 21 17 0 10 10 10 7 5 1 0 4
1419944101 182 172 107 86 105 3 44 37 28 21 17 0 10 10 10 7 5 1 0 4
1419944247 183 172 107 86 105 3 44 37 28 21 17 0 10 10 10 7 5 1 0 4
1419944416 184 172 107 86 105 3 44 37 28 21 17 0 10 10 10 7 5 1 0 4
1419945589 185 172 107 86 105 3 44 37 28 21 17 0 10 10 10 7 5 1 0 4
1419955186 185 172 108 86 105 3 44 37 28 21 17 0 10 10 10 7 5 1 0 4
1419961755 186 172 108 86 105 3 44 37 28 21 17 0 10 10 10 7 5 1 0 4
1419967917 187 172 108 86 105 3 44 37 28 21 17 0 10 10 10 7 5 1 0 4
1419969675 188 172 108 86 105 3 44 37 28 21 17 0 10 10 10 7 5 1 0 4
1419970502 189 172 108 86 105 3 44 37 28 21 17 0 10 10 10 7 5 1 0 4
1419972190 190 172 108 86 105 3 44 37 28 21 17 0 10 10 10 7 5 1 0 4
1419976225 191 172 108 86 105 3 44 37 28 21 17 0 10 10 10 7 5 1 0 4
1419976613 192 172 108 86 105 3 44 37 28 21 17 0 10 10 10 7 5 1 0 4
1419976718 193 172 108 86 105 3 44 37 28 21 17 0 10 10 10 7 5 1 0 4
1419977141 194 172 108 86 105 3 44 37 28 21 17 0 10 10 10 7 5 1 0 4
1419979718 195 172 108 86 105 3 44 37 28 21 17 0 10 10 10 7 5 1 0 4
1419980816 196 172 108 86 105 3 44 37 28 21 17 0 10 10 10 7 5 1 0 4
1419981815 197 172 108 86 105 3 44 37 28 21 17 0 10 10 10 7 5 1 0 4
1419989215 197 172 108 86 105 3 44 37 28 22 17 0 10 10 10 7 5 1 0 4
1419998250 197 172 109 86 105 3 44 37 28 22 17 0 10 10 10 7 5 1 0 4
1420017222 198 172 109 86 105 3 44 37 28 22 17 0 10 10 10 7 5 1 0 4
1420017428 199 172 109 86 105 3 44 37 28 22 17 0 10 10 10 7 5 1 0 4
1420017444 200 172 109 86 105 3 44 37 28 22 17 0 10 10 10 7 5 1 0 4
1420024284 201 172 109 86 105 3 44 37 28 22 17 0 10 10 10 7 5 1 0 4
1420034465 202 172 109 86 105 3 44 37 28 22 17 0 10 10 10 7 5 1 0 4
1420034806 203 172 109 86 105 3 44 37 28 22 17 0 10 10 10 7 5 1 0 4
1420038824 204 172 109 86 105 3 44 37 28 22 17 0 10 10 10 7 5 1 0 4
1420039635 205 172 109 86 105 3 44 37 28 22 17 0 10 10 10 7 5 1 0 4
1420041515 205 172 110 86 105 3 44 37 28 22 17 0 10 10 10 7 5 1 0 4
1420048974 206 172 110 86 105 3 44 37 28 22 17 0 10 10 10 7 5 1 0 4
1420048984 207 172 110 86 105 3 44 37 28 22 17 0 10 10 10 7 5 1 0 4
1420051214 207 172 110 86 105 3 44 37 28 23 17 0 10 10 10 7 5 1 0 4
1420051819 207 172 111 86 105 3 44 37 28 23 17 0 10 10 10 7 5 1 0 4
1420053683 207 172 112 86 105 3 44 37 28 23 17 0 10 10 10 7 5 1 0 4
1420054461 207 172 113 86 105 3 44 37 28 23 17 0 10 10 10 7 5 1 0 4
1420055372 208 172 113 86 105 3 44 37 28 23 17 0 10 10 10 7 5 1 0 4
1420056140 209 172 113 86 105 3 44 37 28 23 17 0 10 10 10 7 5 1 0 4
1420057732 210 172 113 86 105 3 44 37 28 23 17 0 10 10 10 7 5 1 0 4
1420058061 211 172 113 86 105 3 44 37 28 23 17 0 10 10 10 7 5 1 0 4
1420058896 211 172 114 86 105 3 44 37 28 23 17 0 10 10 10 7 5 1 0 4
1420062902 211 172 114 87 105 3 44 37 28 23 17 0 10 10 10 7 5 1 0 4
1420063654 211 172 114 88 105 3 44 37 28 23 17 0 10 10 10 7 5 1 0 4
1420066597 211 172 115 88 105 3 44 37 28 23 17 0 10 10 10 7 5 1 0 4
1420068016 211 172 116 88 105 3 44 37 28 23 17 0 10 10 10 7 5 1 0 4
1420068671 211 172 116 88 105 3 44 37 28 24 17 0 10 10 10 7 5 1 0 4
1420069955 211 172 117 88 105 3 44 37 28 24 17 0 10 10 10 7 5 1 0 4
1420072260 212 172 117 88 105 3 44 37 28 24 17 0 10 10 10 7 5 1 0 4
1420072935 213 172 117 88 105 3 44 37 28 24 17 0 10 10 10 7 5 1 0 4
1420075787 214 172 117 88 105 3 44 37 28 24 17 0 10 10 10 7 5 1 0 4
1420076628 215 172 117 88 105 3 44 37 28 24 17 0 10 10 10 7 5 1 0 4
1420078816 215 172 118 88 105 3 44 37 28 24 17 0 10 10 10 7 5 1 0 4
1420080807 215 172 119 88 105 3 44 37 28 24 17 0 10 10 10 7 5 1 0 4
1420082984 215 172 119 88 105 3 44 37 28 24 17 0 10 10 10 7 5 2 0 4
1420085576 215 172 120 88 105 3 44 37 28 24 17 0 10 10 10 7 5 2 0 4
1420136506 215 172 121 88 105 3 44 37 28 24 17 0 10 10 10 7 5 2 0 4
1420137470 215 172 122 88 105 3 44 37 28 24 17 0 10 10 10 7 5 2 0 4
1420137915 215 172 123 88 105 3 44 37 28 24 17 0 10 10 10 7 5 2 0 4
1420138377 215 172 124 88 105 3 44 37 28 24 17 0 10 10 10 7 5 2 0 4
1420138854 215 172 125 88 105 3 44 37 28 24 17 0 10 10 10 7 5 2 0 4
1420139456 215 172 126 88 105 3 44 37 28 24 17 0 10 10 10 7 5 2 0 4
1420143022 216 172 126 88 105 3 44 37 28 24 17 0 10 10 10 7 5 2 0 4
1420144107 216 172 126 88 105 3 44 37 28 24 17 0 10 10 10 7 5 3 0 4
1420240487 216 172 126 89 105 3 44 37 28 24 17 0 10 10 10 7 5 3 0 4
1420255222 217 172 126 89 105 3 44 37 28 24 17 0 10 10 10 7 5 3 0 4
1420483728 217 172 126 90 105 3 44 37 28 24 17 0 10 10 10 7 5 3 0 4
1420483871 217 172 126 91 105 3 44 37 28 24 17 0 10 10 10 7 5 3 0 4
1420484376 217 172 126 92 105 3 44 37 28 24 17 0 10 10 10 7 5 3 0 4
1420486311 218 172 126 92 105 3 44 37 28 24 17 0 10 10 10 7 5 3 0 4
1420502337 218 172 127 92 105 3 44 37 28 24 17 0 10 10 10 7 5 3 0 4
1420503175 219 172 127 92 105 3 44 37 28 24 17 0 10 10 10 7 5 3 0 4
1420515641 219 172 128 92 105 3 44 37 28 24 17 0 10 10 10 7 5 3 0 4
1420549112 220 172 128 92 105 3 44 37 28 24 17 0 10 10 10 7 5 3 0 4
1420549694 221 172 128 92 105 3 44 37 28 24 17 0 10 10 10 7 5 3 0 4
1420550404 222 172 128 92 105 3 44 37 28 24 17 0 10 10 10 7 5 3 0 4
1420553274 223 172 128 92 105 3 44 37 28 24 17 0 10 10 10 7 5 3 0 4
1420717121 224 172 128 92 105 3 44 37 28 24 17 0 10 10 10 7 5 3 0 4
1420718388 225 172 128 92 105 3 44 37 28 24 17 0 10 10 10 7 5 3 0 4
1420718423 226 172 128 92 105 3 44 37 28 24 17 0 10 10 10 7 5 3 0 4
1420720092 227 172 128 92 105 3 44 37 28 24 17 0 10 10 10 7 5 3 0 4
1420721354 228 172 128 92 105 3 44 37 28 24 17 0 10 10 10 7 5 3 0 4
1420721466 229 172 128 92 105 3 44 37 28 24 17 0 10 10 10 7 5 3 0 4
1420721757 230 172 128 92 105 3 44 37 28 24 17 0 10 10 10 7 5 3 0 4
1420729197 231 172 128 92 105 3 44 37 28 24 17 0 10 10 10 7 5 3 0 4
1421147541 231 172 128 92 105 3 44 37 28 24 17 0 10 10 10 7 5 3 1 4
1421314448 231 172 128 92 105 3 44 37 28 24 17 0 10 10 10 7 5 3 2 4
1421316945 231 172 128 92 105 3 44 37 28 24 17 0 10 10 10 7 5 3 3 4
1421386139 231 172 128 92 105 3 44 37 28 24 17 0 10 10 10 7 5 3 4 4
1421395753 231 172 129 92 105 3 44 37 28 24 17 1 10 10 10 7 5 3 4 4
1421876876 231 172 129 92 105 3 44 37 28 24 17 2 10 10 10 7 5 3 4 4
1421964740 231 172 129 92 105 3 44 37 28 24 17 3 10 10 10 7 5 3 4 4
1421992401 231 172 130 92 105 3 44 37 28 24 17 3 10 10 10 7 5 3 4 4
1422195719 231 172 130 92 105 3 44 37 28 24 17 4 10 10 10 7 5 3 4 4
1422198355 231 172 130 92 105 3 44 37 28 24 17 5 10 10 10 7 5 3 4 4
1422474129 231 172 130 93 105 3 44 37 28 24 17 5 10 10 10 7 5 3 4 4
1422477948 231 172 130 94 105 3 44 37 28 25 17 5 10 10 10 7 5 3 4 4
1422482075 231 172 130 95 105 3 44 37 28 25 17 5 10 10 10 7 5 3 4 4
1422530437 231 172 130 95 105 4 44 37 28 25 17 5 10 10 10 7 5 3 4 4
1422555038 231 172 130 96 105 4 44 37 28 25 17 5 10 10 10 7 5 3 4 4
1422555698 231 172 130 97 105 4 44 37 28 25 17 5 10 10 10 7 5 3 4 4
1422556707 231 172 130 98 105 4 44 37 28 25 17 5 10 10 10 7 5 3 4 4
1422562486 231 172 130 99 105 4 44 37 28 25 17 5 10 10 10 7 5 3 4 4
1422570867 231 172 130 99 105 4 44 37 28 25 17 6 10 10 10 7 5 3 4 4
1422575641 231 172 130 99 105 4 44 37 28 25 17 7 10 10 10 7 5 3 4 4
1422578088 231 172 131 99 105 4 44 37 28 25 17 7 10 10 10 7 5 3 4 4
1423035456 231 172 132 99 105 4 44 37 28 25 17 7 10 10 10 7 5 3 4 4
1423083547 231 172 132 99 105 5 44 37 28 25 17 7 10 10 10 7 5 3 4 4
1423085676 231 172 132 99 105 6 44 37 28 25 17 7 10 10 10 7 5 3 4 4
1423087760 231 172 132 99 105 6 44 37 28 25 17 8 10 10 10 7 5 3 4 4
1423095259 231 172 132 100 105 6 44 37 28 25 17 8 10 10 10 7 5 3 4 4
1423510686 231 172 132 100 105 6 44 37 28 25 17 9 10 10 10 7 5 3 4 4
1423534908 231 172 132 101 105 6 44 37 28 25 17 9 10 10 10 7 5 3 4 4
1423647924 231 172 132 101 105 7 44 37 28 25 17 9 10 10 10 7 5 3 4 4
1423650176 231 172 132 101 105 8 44 37 28 25 17 9 10 10 10 7 5 3 4 4
1423653991 231 172 132 101 105 9 44 37 28 25 17 9 10 10 10 7 5 3 4 4
1423664467 231 172 132 101 105 10 44 37 28 25 17 9 10 10 10 7 5 3 4 4
1423685840 231 172 132 101 105 11 44 37 28 25 17 9 10 10 10 7 5 3 4 4
1423695435 231 172 132 101 105 12 44 37 28 25 17 9 10 10 10 7 5 3 4 4
1423699307 231 172 132 101 105 13 44 37 28 25 17 9 10 10 10 7 5 3 4 4
1423741949 231 172 132 101 105 14 44 37 28 25 17 9 10 10 10 7 5 3 4 4
1423747069 231 172 132 101 105 15 44 37 28 25 17 9 10 10 10 7 5 3 4 4
1423749126 231 172 132 101 105 16 44 37 28 25 17 9 10 10 10 7 5 3 4 4
1423749566 231 172 132 101 105 17 44 37 28 25 17 9 10 10 10 7 5 3 4 4
1423759362 231 172 132 101 105 18 44 37 28 25 17 9 10 10 10 7 5 3 4 4
1423812940 231 172 132 101 105 19 44 37 28 25 17 9 10 10 10 7 5 3 4 4
1423916235 231 172 132 101 105 20 44 37 28 25 17 9 10 10 10 7 5 3 4 4
1423920634 231 172 132 101 105 21 44 37 28 25 17 9 10 10 10 7 5 3 4 4
1423942965 231 172 132 102 105 21 44 37 28 25 17 9 10 10 10 7 5 3 4 4
1423945585 231 172 132 102 105 22 44 37 28 25 17 9 10 10 10 7 5 3 4 4
1423946830 231 172 132 102 105 23 44 37 28 25 17 9 10 10 10 7 5 3 4 4
1423996405 231 172 132 102 105 24 44 37 28 25 17 9 10 10 10 7 5 3 4 4
1424003407 231 172 132 102 105 25 44 37 28 25 17 9 10 10 10 7 5 3 4 4
1424082246 232 172 132 102 105 25 44 37 28 25 17 9 10 10 10 7 5 3 4 4
1424193324 232 172 132 102 105 26 44 37 28 25 17 9 10 10 10 7 5 3 4 4
1424199233 232 172 132 102 105 27 44 37 28 25 17 9 10 10 10 7 5 3 4 4
1424199621 232 172 132 102 105 28 44 37 28 25 17 9 10 10 10 7 5 3 4 4
1424201472 232 172 132 102 105 29 44 37 28 25 17 9 10 10 10 7 5 3 4 4
1424298561 233 172 132 102 105 29 44 37 28 25 17 9 10 10 10 7 5 3 4 4
1424301808 233 172 132 102 105 29 44 37 28 25 17 9 10 10 10 7 5 4 4 4
1424333933 233 172 132 102 105 30 44 37 28 25 17 9 10 10 10 7 5 4 4 4
1424385215 233 172 132 102 105 30 44 37 28 25 17 10 10 10 10 7 5 4 4 4
1424386669 233 172 132 103 105 30 44 37 28 25 17 10 10 10 10 7 5 4 4 4
1424482122 233 172 132 103 105 30 44 37 28 25 17 11 10 10 10 7 5 4 4 4
1424538461 233 172 132 103 105 31 44 37 28 25 17 11 10 10 10 7 5 4 4 4
1424731006 233 172 133 103 105 31 44 37 28 25 17 11 10 10 10 7 5 4 4 4
1424735996 233 172 133 104 105 31 44 37 28 25 17 11 10 10 10 7 5 4 4 4
1424810309 233 172 133 104 105 32 44 37 28 25 17 11 10 10 10 7 5 4 4 4
1424853511 233 172 133 104 105 33 44 37 28 25 17 11 10 10 10 7 5 4 4 4
1424860363 233 172 133 104 105 34 44 37 28 25 17 11 10 10 10 7 5 4 4 4
1424861818 233 172 133 104 105 35 44 37 28 25 17 11 10 10 10 7 5 4 4 4
1424906632 233 172 134 104 105 35 44 37 28 25 17 11 10 10 10 7 5 4 4 4
1424999231 233 172 135 104 105 35 44 37 28 25 17 11 10 10 10 7 5 4 4 4
1425000085 233 172 135 104 105 35 44 37 28 25 17 12 10 10 10 7 5 4 4 4
1425001113 233 172 135 104 105 35 44 37 28 25 17 13 10 10 10 7 5 4 4 4
1425011415 233 172 136 104 105 35 44 37 28 25 17 13 10 10 10 7 5 4 4 4
1425175070 233 172 136 105 105 35 44 37 28 25 17 13 10 10 10 7 5 4 4 4
1425294129 234 172 136 105 105 35 44 37 28 25 17 13 10 10 10 7 5 4 4 4
1425297552 235 172 136 105 105 35 44 37 28 25 17 13 10 10 10 7 5 4 4 4
1425300406 236 172 136 105 105 35 44 37 28 25 17 13 10 10 10 7 5 4 4 4
1425302952 237 172 136 105 105 35 44 37 28 25 17 13 10 10 10 7 5 4 4 4
1425304765 238 172 136 105 105 35 44 37 28 25 17 13 10 10 10 7 5 4 4 4
1425305972 239 172 136 105 105 35 44 37 28 25 17 13 10 10 10 7 5 4 4 4
1425309166 240 172 136 105 105 35 44 37 28 25 17 13 10 10 10 7 5 4 4 4
1425318422 241 172 136 105 105 35 44 37 28 25 17 13 10 10 10 7 5 4 4 4
1425318510 242 172 136 105 105 35 44 37 28 25 17 13 10 10 10 7 5 4 4 4
1425339081 243 172 136 105 105 35 44 37 28 25 17 13 10 10 10 7 5 4 4 4
1425386182 243 172 136 105 105 36 44 37 28 25 17 13 10 10 10 7 5 4 4 4
1425398868 243 172 136 105 105 37 44 37 28 25 17 13 10 10 10 7 5 4 4 4
1425399055 243 172 136 105 105 38 44 37 28 25 17 13 10 10 10 7 5 4 4 4
1425399654 243 172 136 105 105 39 44 37 28 25 17 13 10 10 10 7 5 4 4 4
1425401331 243 172 136 105 105 40 44 37 28 25 17 13 10 10 10 7 5 4 4 4
1425415562 244 172 136 105 105 40 44 37 28 25 17 13 10 10 10 7 5 4 4 4
1425418519 245 172 136 105 105 40 44 37 28 25 17 13 10 10 10 7 5 4 4 4
1425418709 246 172 136 105 105 40 44 37 28 25 17 13 10 10 10 7 5 4 4 4
1425423669 247 172 136 105 105 40 44 37 28 25 17 13 10 10 10 7 5 4 4 4
1425425054 248 172 136 105 105 40 44 37 28 25 17 13 10 10 10 7 5 4 4 4
1425430038 249 172 136 105 105 40 44 37 28 25 17 13 10 10 10 7 5 4 4 4
1425491065 249 172 136 106 105 40 44 37 28 25 17 13 10 10 10 7 5 4 4 4
1425499227 250 172 136 106 105 40 44 37 28 25 17 13 10 10 10 7 5 4 4 4
1425573602 250 172 136 106 105 40 44 37 29 25 17 13 10 10 10 7 5 4 4 4
1425579852 251 172 136 106 105 40 44 37 29 25 17 13 10 10 10 7 5 4 4 4
1425580181 252 172 136 106 105 40 44 37 29 25 17 13 10 10 10 7 5 4 4 4
1425580199 252 172 137 106 105 40 44 37 29 25 17 13 10 10 10 7 5 4 4 4
1425584891 253 172 137 106 105 40 44 37 29 25 17 13 10 10 10 7 5 4 4 4
1425585012 254 172 137 106 105 40 44 37 29 25 17 13 10 10 10 7 5 4 4 4
1425585135 255 172 137 106 105 40 44 37 29 25 17 13 10 10 10 7 5 4 4 4
1425642847 256 172 137 106 105 40 44 37 29 25 17 13 10 10 10 7 5 4 4 4
1425645889 257 172 137 106 105 40 44 37 29 25 17 13 10 10 10 7 5 4 4 4
1425646675 258 172 137 106 105 40 44 37 29 25 17 13 10 10 10 7 5 4 4 4
1425665796 259 172 137 106 105 40 44 37 29 25 17 13 10 10 10 7 5 4 4 4
1425666647 260 172 137 106 105 40 44 37 29 25 17 13 10 10 10 7 5 4 4 4
1425684387 261 172 137 106 105 40 44 37 29 25 17 13 10 10 10 7 5 4 4 4
1425684412 262 172 137 106 105 40 44 37 29 25 17 13 10 10 10 7 5 4 4 4
1425684424 263 172 137 106 105 40 44 37 29 25 17 13 10 10 10 7 5 4 4 4
1425736224 263 172 137 106 105 41 44 37 29 25 17 13 10 10 10 7 5 4 4 4
1425736917 263 172 137 106 105 42 44 37 29 25 17 13 10 10 10 7 5 4 4 4
1425737446 263 172 137 106 105 43 44 37 29 25 17 13 10 10 10 7 5 4 4 4
1425738381 263 172 137 106 105 44 44 37 29 25 17 13 10 10 10 7 5 4 4 4
1425740396 263 172 137 106 105 45 44 37 29 25 17 13 10 10 10 7 5 4 4 4
1425742321 263 172 137 106 105 46 44 37 29 25 17 13 10 10 10 7 5 4 4 4
1425744473 263 172 137 106 105 47 44 37 29 25 17 13 10 10 10 7 5 4 4 4
1425746565 263 172 137 106 105 48 44 37 29 25 17 13 10 10 10 7 5 4 4 4
1425746959 263 172 137 106 105 49 44 37 29 25 17 13 10 10 10 7 5 4 4 4
1425748701 263 172 137 106 105 50 44 37 29 25 17 13 10 10 10 7 5 4 4 4
1425752033 263 172 137 106 105 51 44 37 29 25 17 13 10 10 10 7 5 4 4 4
1425752350 263 172 137 106 105 52 44 37 29 25 17 13 10 10 10 7 5 4 4 4
1425923116 263 172 137 106 105 53 44 37 29 25 17 13 10 10 10 7 5 4 4 4
1425984032 263 172 137 106 105 54 44 37 29 25 17 13 10 10 10 7 5 4 4 4
1425986540 263 172 137 106 105 55 44 37 29 25 17 13 10 10 10 7 5 4 4 4
1425988138 263 172 137 106 105 56 44 37 29 25 17 13 10 10 10 7 5 4 4 4
1425994600 263 172 137 106 105 57 44 37 29 25 17 13 10 10 10 7 5 4 4 4
1425995935 264 172 137 106 105 57 44 37 29 25 17 13 10 10 10 7 5 4 4 4
1425995963 265 172 137 106 105 57 44 37 29 25 17 13 10 10 10 7 5 4 4 4
1425997492 265 172 137 106 105 58 44 37 29 25 17 13 10 10 10 7 5 4 4 4
1425997656 265 172 137 106 105 59 44 37 29 25 17 13 10 10 10 7 5 4 4 4
1425999869 265 172 137 106 105 60 44 37 29 25 17 13 10 10 10 7 5 4 4 4
1426002006 265 172 137 106 105 61 44 37 29 25 17 13 10 10 10 7 5 4 4 4
1426106048 265 172 137 106 105 62 44 37 29 25 17 13 10 10 10 7 5 4 4 4
1426107057 265 172 137 106 105 63 44 37 29 25 17 13 10 10 10 7 5 4 4 4
1426107147 265 172 137 106 105 64 44 37 29 25 17 13 10 10 10 7 5 4 4 4
1426109249 265 172 137 106 105 65 44 37 29 25 17 13 10 10 10 7 5 4 4 4
1426111920 265 172 137 106 105 66 44 37 29 25 17 13 10 10 10 7 5 4 4 4
1426111994 265 172 137 106 105 67 44 37 29 25 17 13 10 10 10 7 5 4 4 4
1426114057 265 172 137 106 105 68 44 37 29 25 17 13 10 10 10 7 5 4 4 4
1426281191 265 172 137 106 105 69 44 37 29 25 17 13 10 10 10 7 5 4 4 4
1426283178 265 172 137 106 105 70 44 37 29 25 17 13 10 10 10 7 5 4 4 4
1426285389 265 172 137 106 105 71 44 37 29 25 17 13 10 10 10 7 5 4 4 4
1426344577 265 172 137 106 105 72 44 37 29 25 17 13 10 10 10 7 5 4 4 4
1426511969 266 172 137 106 105 72 44 37 29 25 17 13 10 10 10 7 5 4 4 4
1426512317 267 172 137 106 105 72 44 37 29 25 17 13 10 10 10 7 5 4 4 4
1426529427 268 172 137 106 105 72 44 37 29 25 17 13 10 10 10 7 5 4 4 4
1426529766 269 172 137 106 105 72 44 37 29 25 17 13 10 10 10 7 5 4 4 4
1426531525 270 172 137 106 105 72 44 37 29 25 17 13 10 10 10 7 5 4 4 4
1426548906 270 172 137 107 105 72 44 37 29 25 17 13 10 10 10 7 5 4 4 4
1426682239 270 172 138 107 105 72 44 37 29 25 17 13 10 10 10 7 5 4 4 4
1426797932 270 172 138 107 105 73 44 37 29 25 17 13 10 10 10 7 5 4 4 4
1426883088 270 172 139 107 105 73 44 37 29 25 17 13 10 10 10 7 5 4 4 4
1428352369 270 172 139 108 105 73 44 37 29 25 17 13 10 10 10 7 5 4 4 4
1428512028 270 172 140 108 105 73 44 37 29 25 17 13 10 10 10 7 5 4 4 4
1428516462 270 172 141 108 105 73 44 37 29 25 17 13 10 10 10 7 5 4 4 4
1428517086 270 172 142 108 105 73 44 37 29 25 17 13 10 10 10 7 5 4 4 4
1428517775 270 172 143 108 105 73 44 37 29 25 17 13 10 10 10 7 5 4 4 4
1428521455 270 172 144 108 105 73 44 37 29 25 17 13 10 10 10 7 5 4 4 4
1428600976 270 172 145 108 105 73 44 37 29 25 17 13 10 10 10 7 5 4 4 4
1428601739 270 172 145 109 105 73 44 37 29 25 17 13 10 10 10 7 5 4 4 4
1428601893 270 172 145 110 105 73 44 37 29 25 17 13 10 10 10 7 5 4 4 4
1428602450 270 172 146 110 105 73 44 37 29 25 17 13 10 10 10 7 5 4 4 4
1428602796 270 172 146 111 105 73 44 37 29 25 17 13 10 10 10 7 5 4 4 4
1428603971 270 172 147 111 105 73 44 37 29 25 17 13 10 10 10 7 5 4 4 4
1428604853 270 172 147 112 105 73 44 37 29 25 17 13 10 10 10 7 5 4 4 4
1428605475 270 172 147 113 105 73 44 37 29 25 17 13 10 10 10 7 5 4 4 4
1428612719 270 172 147 114 105 73 44 37 29 25 17 13 10 10 10 7 5 4 4 4
1428613975 270 172 148 114 105 73 44 37 29 25 17 13 10 10 10 7 5 4 4 4
1428621611 270 172 149 114 105 73 44 37 29 25 17 13 10 10 10 7 5 4 4 4
1428621890 270 172 149 115 105 73 44 37 29 25 17 13 10 10 10 7 5 4 4 4
1428625195 270 172 149 116 105 73 44 37 29 25 17 13 10 10 10 7 5 4 4 4
1428680058 270 172 150 116 105 73 44 37 29 25 17 13 10 10 10 7 5 4 4 4
1428682708 270 172 151 116 105 73 44 37 29 25 17 13 10 10 10 7 5 4 4 4
1428691113 270 172 152 116 105 73 44 37 29 25 17 13 10 10 10 7 5 4 4 4
