1370276182 0 0 0 119254 0 0 0 0 0 0 0 0 0 0 0 0 0 0 0 0
1370871006 2 0 0 119254 0 0 0 0 0 0 0 0 0 0 0 0 0 0 0 0
1370877217 6 0 0 119254 0 0 0 0 0 0 0 0 0 0 0 0 0 0 0 0
1370877544 7 0 0 119254 0 0 0 0 0 0 0 0 0 0 0 0 0 0 0 0
1370878435 9 0 0 119254 0 0 0 0 0 0 0 0 0 0 0 0 0 0 0 0
1370878606 11 0 0 119254 0 0 0 0 0 0 0 0 0 0 0 0 0 0 0 0
1370947568 40 0 0 119254 0 0 0 0 0 0 0 0 0 0 0 0 0 0 0 0
1372265678 97 0 0 119254 0 0 0 0 0 0 0 0 0 0 0 0 0 0 0 0
1375993052 97 0 0 119256 0 0 0 0 0 0 0 0 0 0 0 0 0 0 0 0
1376559456 98 0 0 119256 0 0 0 0 0 0 0 0 0 0 0 0 0 0 0 0
1376677929 99 0 0 119256 0 0 6 0 0 0 0 0 0 0 0 0 0 0 0 0
1376925396 106 0 0 119256 0 0 6 0 0 0 0 0 0 0 0 0 0 0 0 0
1376926567 109 0 0 119256 0 0 6 0 0 0 0 0 0 0 0 0 0 0 0 0
1376927170 115 0 0 119256 0 0 6 0 0 0 0 0 0 0 0 0 0 0 0 0
1376928743 118 0 0 119256 0 0 6 0 0 0 0 0 0 0 0 0 0 0 0 0
1376930611 120 0 0 119256 0 0 6 0 0 0 0 0 0 0 0 0 0 0 0 0
1377130308 120 0 0 119256 0 0 6 216 0 0 0 0 0 0 0 0 0 0 0 0
1377138995 122 0 0 119256 0 0 6 216 0 0 0 0 0 0 0 0 0 0 0 70
1377202565 123 0 0 119256 0 0 6 216 0 0 0 0 0 0 0 0 0 0 0 70
1377203035 123 0 0 119256 0 0 6 216 0 0 0 0 0 0 0 0 0 0 0 70
1377205573 126 0 0 119256 0 0 6 216 0 0 0 0 0 0 0 0 0 0 0 70
1377263567 126 0 0 119256 0 0 6 216 0 0 0 0 0 0 0 0 0 0 0 70
1377288989 126 0 0 119256 0 0 6 217 0 0 0 0 0 0 0 0 0 0 0 70
1377289013 126 0 0 119256 0 0 6 217 0 0 0 0 0 0 0 0 0 0 0 70
1377290703 126 0 0 119256 0 0 6 218 0 0 0 0 0 0 0 0 0 0 0 70
1377291630 126 0 0 119256 0 0 6 218 0 0 0 0 0 0 0 0 0 0 0 70
1377296458 126 0 0 119259 0 0 6 218 0 0 0 0 0 0 0 0 0 0 0 70
1377550477 126 0 0 119259 0 0 6 218 0 0 0 0 0 0 0 0 0 0 0 70
1377689851 126 0 0 119259 0 0 6 218 0 0 0 0 0 0 0 0 0 0 0 70
1377690211 126 0 0 119259 0 0 6 218 0 0 0 0 0 0 0 0 0 0 0 70
1377706641 126 0 0 119259 0 0 6 927 0 0 0 0 0 0 0 0 0 0 0 70
1377706665 126 0 0 119259 0 0 6 927 0 0 0 0 0 0 0 0 0 0 0 70
1377711181 126 0 0 119259 0 0 6 933 0 0 0 0 0 0 0 0 0 0 0 70
1377809344 126 0 0 119259 0 0 6 1570 0 0 0 0 0 0 0 0 0 0 0 70
1377809589 126 0 0 119259 0 0 6 1570 0 0 0 0 0 0 0 0 0 0 0 70
1377815781 126 0 0 119259 0 0 6 1831 0 0 0 0 0 0 0 0 0 0 0 70
1377905774 126 0 0 119259 0 0 6 1906 0 0 0 0 0 0 0 0 0 0 0 70
1377907331 126 0 0 119259 0 0 6 3225 0 0 0 0 0 0 0 0 0 0 0 70
1378491271 126 0 0 119259 0 0 6 3225 0 0 0 0 0 0 0 0 0 0 0 70
1378500540 126 0 0 119259 0 0 6 3245 0 0 0 0 0 0 0 0 0 0 0 70
1378508174 126 0 0 119259 0 0 6 3401 0 0 0 0 0 0 0 0 0 0 0 70
1378508249 126 0 0 119259 0 0 6 3401 0 0 0 0 0 0 0 0 0 0 0 70
1378776600 126 0 0 119259 0 0 6 3515 0 0 0 0 0 0 0 0 0 0 0 70
1378857129 126 0 0 119259 0 0 6 3986 0 0 0 0 0 0 0 0 0 0 0 70
1378858565 126 0 0 119259 0 0 6 3986 0 0 0 0 0 0 0 0 0 0 0 70
1378932216 126 0 0 119259 0 0 6 4170 0 0 0 0 0 0 0 0 0 0 0 70
1378933379 126 0 0 119259 0 0 6 4255 0 0 0 0 0 0 0 0 0 0 0 70
1378937653 126 0 0 119259 0 0 6 4345 0 0 0 0 0 0 0 0 0 0 0 70
1378939813 126 0 0 119259 0 0 6 4452 0 0 0 0 0 0 0 0 0 0 0 70
1378989650 129 0 0 119259 0 0 6 4452 0 0 0 0 0 0 0 0 0 0 0 70
1378990984 131 0 0 119259 0 0 6 4452 0 0 0 0 0 0 0 0 0 0 0 70
1378994373 131 0 0 119259 0 0 6 4452 0 0 0 0 0 0 0 0 0 0 0 70
1379009131 131 0 0 119259 0 0 6 4452 0 0 0 0 0 0 0 0 0 0 0 70
1379009982 269 0 0 119259 0 0 6 4452 0 0 0 0 0 0 0 0 0 0 0 70
1379015473 271 0 0 119259 0 0 6 4452 0 0 0 0 0 0 0 0 0 0 0 70
1379020525 285 0 0 119259 0 0 6 4452 0 0 0 0 0 0 0 0 0 0 0 70
1379066915 285 0 0 119259 0 0 6 4711 0 0 0 0 0 0 0 0 0 0 0 70
1379093168 285 0 0 119259 0 0 6 4711 0 0 0 0 0 0 0 0 0 0 0 70
1379093690 285 0 0 119259 0 0 6 4711 0 0 0 0 0 0 0 0 0 0 0 70
1379097435 306 0 0 119259 0 0 6 4713 0 0 0 0 0 0 0 0 0 0 0 70
1379177778 306 0 0 119259 0 0 6 4713 0 0 0 0 0 0 0 0 0 0 0 70
1379177878 307 0 0 119259 0 0 6 4713 0 0 0 0 0 0 0 0 0 0 0 70
1379380463 307 0 0 119259 0 0 6 5346 0 0 0 0 0 0 0 0 0 0 0 70
1379404628 307 0 0 119259 0 0 6 5520 0 0 0 0 0 0 0 0 0 0 0 70
1379505278 307 0 0 119259 0 0 6 5615 0 0 0 0 0 0 0 0 0 0 0 70
1379505312 307 0 0 119259 0 0 6 5615 0 0 0 0 0 0 0 0 0 0 0 70
1379548556 307 0 0 119714 0 0 6 5615 0 0 0 0 0 0 0 0 0 0 0 70
1379620581 307 0 0 119714 0 0 6 6071 0 0 0 0 0 0 0 0 0 0 0 70
1379622385 307 0 0 119714 0 0 6 6077 0 0 0 0 0 0 0 0 0 0 0 70
1379628937 314 0 0 119714 0 0 6 6078 0 0 0 0 0 0 0 0 0 0 0 70
1379629604 318 0 0 119714 0 0 6 6078 0 0 0 0 0 0 0 0 0 0 0 70
1379630936 319 0 0 119714 0 0 6 6078 0 0 0 0 0 0 0 0 0 0 0 70
1379633760 319 0 0 119714 0 0 6 6079 0 0 0 0 0 0 0 0 0 0 0 70
1379645545 321 0 0 119714 0 0 6 6079 0 0 0 0 0 0 0 0 0 0 0 70
1379647046 321 0 0 119714 0 0 6 6079 0 0 0 0 0 0 0 0 0 0 0 70
1379647698 325 0 0 119714 0 0 6 6079 0 0 0 0 0 0 0 0 0 0 0 70
1379648106 326 0 0 119714 0 0 6 6079 0 0 0 0 0 0 0 0 0 0 0 70
1379648700 328 0 0 119714 0 0 6 6079 0 0 0 0 0 0 0 0 0 0 0 70
1379648912 329 0 0 119714 0 0 6 6079 0 0 0 0 0 0 0 0 0 0 0 70
1379710207 329 0 0 119714 0 0 6 6079 0 0 0 0 0 0 0 0 0 0 0 70
1379711568 334 0 0 119714 0 0 6 6079 0 0 0 0 0 0 0 0 0 0 0 70
1379712909 336 0 0 119714 0 0 6 6079 0 0 0 0 0 0 0 0 0 0 0 70
1379803519 341 0 0 119714 0 0 6 6079 0 0 0 0 0 0 0 0 0 0 0 70
1379978004 342 0 0 119714 0 0 6 6079 0 0 0 0 0 0 0 0 0 0 0 70
1380036051 342 0 0 119714 0 0 6 6079 0 0 0 0 0 0 0 0 0 0 0 70
1380278254 342 0 0 119714 0 0 6 6079 0 0 0 0 0 0 0 0 0 0 0 70
1381793985 344 0 0 119714 0 0 6 6079 0 0 0 0 0 0 0 0 0 0 0 70
1381799587 368 0 0 119714 0 0 6 6079 0 0 0 0 0 0 0 0 0 0 0 70
1381800801 372 0 0 119714 0 0 6 6079 0 0 0 0 0 0 0 0 0 0 0 70
1381801464 377 0 0 119714 0 0 6 6079 0 0 0 0 0 0 0 0 0 0 0 70
1381803791 383 0 0 119714 0 0 6 6079 0 0 0 0 0 0 0 0 0 0 0 70
1381804186 391 0 0 119714 0 0 6 6079 0 0 0 0 0 0 0 0 0 0 0 70
1382373228 391 0 0 119714 0 0 6 6079 0 0 0 0 0 0 0 0 0 0 0 70
1382373912 414 0 0 119714 0 0 6 6079 0 0 0 0 0 0 0 0 0 0 0 70
1382374400 414 0 0 119714 0 0 6 6079 0 0 0 0 0 0 0 0 0 0 0 70
1382374545 414 0 0 119714 0 0 6 6079 0 0 0 0 0 0 0 0 0 0 0 70
1382409987 414 0 0 119714 0 0 6 6079 0 0 0 0 0 0 0 0 0 0 0 70
1382410121 414 0 0 119714 0 0 6 6079 0 0 0 0 0 0 0 0 0 0 0 70
1382410749 421 0 0 119714 0 0 6 6079 0 0 0 0 0 0 0 0 0 0 0 70
1382410842 421 0 0 119714 0 0 6 6079 0 0 0 0 0 0 0 0 0 0 0 70
1382412969 426 0 0 119714 0 0 6 6079 0 0 0 0 0 0 0 0 0 0 0 70
1382485837 427 0 0 119714 0 0 6 6079 0 0 0 0 0 0 0 0 0 0 0 70
1382547927 428 0 0 119714 0 0 6 6079 0 0 0 0 0 0 0 0 0 0 0 70
1382548661 430 0 0 119714 0 0 6 6079 0 0 0 0 0 0 0 0 0 0 0 70
1382548818 431 0 0 119714 0 0 6 6079 0 0 0 0 0 0 0 0 0 0 0 70
1382649167 431 0 0 119714 0 0 6 6079 0 0 0 0 0 0 0 0 0 0 0 70
1382655357 431 0 0 119714 0 0 6 6079 0 0 0 0 0 0 0 0 0 0 0 70
1382658068 431 0 0 119714 0 0 6 6079 0 0 0 0 0 0 0 0 0 0 0 70
1382660707 431 0 0 122512 0 0 6 6079 0 0 0 0 0 0 0 0 0 0 0 70
1382661761 431 0 0 122512 0 0 6 6079 0 0 0 0 0 0 0 0 0 0 0 70
1382705418 431 0 0 122512 0 0 6 6079 0 0 0 0 0 0 0 0 0 0 0 70
1382718896 446 0 0 122512 0 0 6 6079 0 0 0 0 0 0 0 0 0 0 0 70
1383132782 457 0 0 122512 0 0 6 6079 0 0 0 0 0 0 0 0 0 0 0 70
1383658265 467 0 0 122512 0 0 6 6079 0 0 0 0 0 0 0 0 0 0 0 70
1383686491 467 0 0 122512 0 0 6 6079 0 0 0 0 0 0 0 0 0 0 0 70
1383875690 467 0 0 122512 0 0 6 6079 0 0 120 0 0 0 0 0 0 0 0 70
1384367923 467 0 0 122512 0 0 6 6079 0 0 120 0 0 0 0 0 0 0 0 70
1384415700 467 0 0 122512 0 0 6 6079 0 0 120 0 0 0 0 0 0 0 0 70
1384754253 467 0 0 122512 0 0 6 6079 0 0 120 0 0 0 0 0 0 0 0 70
1386122183 467 0 0 122512 0 0 6 6079 0 0 126 0 0 0 0 0 0 0 0 70
1386283540 467 0 0 122512 0 0 6 6079 0 0 139 0 0 0 0 0 0 0 0 70
1386378549 467 0 0 122512 0 0 6 6079 0 0 175 0 0 0 0 0 0 0 0 70
1386837820 467 0 0 122512 0 0 6 6079 0 0 191 0 0 0 0 0 0 0 0 70
1387303212 467 0 299 122512 0 0 6 6079 0 0 191 0 0 0 0 0 0 0 0 70
1387312687 467 0 419 122512 0 0 6 6079 0 0 191 0 0 0 0 0 0 0 0 70
1387314160 467 0 558 122512 0 0 6 6079 0 0 191 0 0 0 0 0 0 0 0 70
1387316578 467 0 698 122512 0 0 6 6079 0 0 191 0 0 0 0 0 0 0 0 70
1387320739 467 0 755 122512 0 0 6 6079 0 0 191 0 0 0 0 0 0 0 0 70
1388087593 467 0 755 122550 0 0 6 6079 0 0 191 0 0 0 0 0 0 0 0 70
1389039261 467 0 755 122550 0 0 6 6079 0 0 191 0 0 0 0 0 0 0 0 70
1389053533 467 0 762 122550 0 0 6 6079 0 0 191 0 0 0 0 0 0 0 0 70
1389282164 467 0 762 122550 0 0 6 6079 0 0 191 0 0 0 0 0 0 0 0 70
1389303668 467 0 762 122550 0 0 6 6079 0 0 191 0 0 0 0 0 0 0 0 70
1389412212 467 0 762 122550 0 0 6 6079 0 0 191 0 0 0 0 724 0 0 0 70
1389839854 467 0 762 122550 0 0 6 6079 0 0 191 0 0 0 0 724 0 0 0 70
1389842463 467 0 762 122550 0 0 6 6079 0 0 191 0 0 0 0 725 0 0 0 70
1389843279 467 0 762 122550 0 0 6 6079 0 0 191 0 0 0 0 729 0 0 0 70
1389890523 467 0 762 122550 0 0 6 6079 0 0 191 0 0 0 0 732 0 0 0 70
1389938065 467 0 762 122550 0 0 6 6079 0 0 191 0 0 0 0 735 0 0 0 70
1389971107 467 0 762 122550 0 0 6 6079 0 0 191 0 0 0 0 735 0 0 0 70
1389997734 467 0 762 122550 0 0 6 6079 0 0 191 0 0 0 0 735 0 0 0 70
1390774160 467 0 762 122550 0 0 6 6079 0 0 426 0 0 0 0 735 0 0 0 70
1391041273 467 0 762 122550 0 0 6 6079 0 0 426 0 0 0 0 739 0 0 0 70
1391041344 467 0 762 122550 0 0 6 6079 0 0 426 0 0 0 0 740 0 0 0 70
1391639429 519 0 762 122550 0 0 6 6079 0 0 426 0 0 0 0 740 0 0 0 70
1391723070 519 0 784 122550 0 0 6 6079 0 0 426 0 0 0 0 740 0 0 0 70
1391724015 519 0 784 122550 0 0 6 6079 0 0 426 0 0 0 0 740 0 0 0 70
1391725307 519 0 784 122550 0 0 6 6079 0 0 426 0 0 0 0 740 0 0 0 70
1391725509 519 0 787 122550 0 0 6 6079 0 0 426 0 0 0 0 740 0 0 0 70
1391733606 519 0 787 122550 0 0 6 6079 0 0 434 0 0 0 0 740 0 0 0 70
1391735454 519 0 788 122550 0 0 6 6079 0 0 434 0 0 0 0 740 0 0 0 70
1391739531 519 0 788 122550 0 0 6 6079 0 0 434 0 0 0 0 740 0 0 0 70
1391749404 519 0 788 122550 0 0 6 6079 0 0 434 0 0 0 0 740 0 0 0 70
1391807698 519 0 791 122550 0 0 6 6079 0 0 434 0 0 0 0 740 0 0 0 70
1391807732 519 0 798 122550 0 0 6 6079 0 0 434 0 0 0 0 740 0 0 0 70
1391809724 519 0 798 122550 0 0 6 6079 0 0 434 0 0 0 0 740 0 0 0 70
1391811764 519 0 799 122550 0 0 6 6079 0 0 434 0 0 0 0 740 0 0 0 70
1391811840 519 0 799 122550 0 0 6 6079 0 0 434 0 0 0 0 740 0 0 0 70
1392156471 519 0 4255 122550 0 0 6 6079 0 0 434 0 0 0 0 740 0 0 0 70
1392159458 519 0 4255 122550 0 0 6 6079 0 0 434 0 0 0 0 740 0 0 0 70
1392359564 519 0 4255 122551 0 0 6 6079 0 0 434 0 0 0 0 740 0 0 0 70
1392397434 519 0 4255 122552 0 0 6 6079 0 0 434 0 0 0 0 740 0 0 0 70
1392847637 519 0 4256 122552 0 0 6 6079 0 0 434 0 0 0 0 740 0 0 0 70
1392848238 519 0 4256 122552 0 0 6 6079 0 0 434 0 0 0 0 740 0 0 0 70
1392922983 519 0 4256 122552 0 0 6 6079 0 0 441 0 0 0 0 740 0 0 0 70
1392928554 519 0 4256 122552 0 0 6 6079 0 0 441 0 0 0 0 740 0 0 0 70
1393275325 519 0 4256 122552 0 0 6 6079 0 0 441 0 0 0 0 740 0 0 0 70
1393544855 519 0 4256 122552 0 0 6 6079 0 0 441 0 0 0 0 740 0 0 0 70
1393626430 519 0 4256 122552 0 0 6 6079 0 0 441 0 0 0 0 740 0 0 0 70
1393628734 519 0 4256 122552 0 0 6 6079 0 0 441 0 0 0 0 740 0 0 0 70
1393869177 519 0 4256 122552 0 0 6 6079 0 0 441 0 0 0 0 740 0 0 0 70
1393958634 519 0 4256 122552 0 0 6 6079 0 0 441 0 0 0 0 740 0 0 0 70
1393965011 519 0 4256 122552 0 0 6 6079 0 0 441 0 0 0 0 740 0 0 0 70
1393991979 520 0 4256 122552 0 0 6 6079 0 0 441 0 0 0 0 740 0 0 0 70
1393998025 520 0 4256 122552 0 0 6 6079 0 0 441 0 0 0 0 740 0 0 0 70
1394124731 522 0 4256 122552 0 0 6 6079 0 0 441 0 0 0 0 740 0 0 0 70
1394126647 522 0 4256 122552 0 0 6 6079 0 0 441 0 0 0 0 740 0 0 0 70
1394530039 526 0 4256 122552 0 0 6 6079 0 0 441 0 0 0 0 740 0 0 0 70
1394530988 530 0 4256 122552 0 0 6 6079 0 0 441 0 0 0 0 740 0 0 0 70
1394531009 532 0 4256 122552 0 0 6 6079 0 0 441 0 0 0 0 740 0 0 0 70
1395097582 532 0 4256 122552 0 0 6 6079 0 0 441 0 0 0 0 740 0 0 0 70
1395435321 532 0 4257 122552 0 0 6 6079 0 0 441 0 0 0 0 740 0 0 0 70
1395874121 532 0 4257 122552 0 0 6 6079 133726 0 441 0 0 0 0 740 0 0 0 70
1395874572 532 0 4257 122552 0 0 6 6079 2069762 0 441 0 0 0 0 740 0 0 0 70
1395890577 532 0 4257 122552 0 0 6 6079 2070509 0 441 0 0 0 0 740 0 0 0 70
1395969353 532 0 4257 122552 0 0 6 6079 2070566 0 441 0 0 0 0 740 0 0 0 70
1395969844 532 0 4257 122552 0 0 6 6079 2071752 0 441 0 0 0 0 740 0 0 0 70
1395974590 532 0 4257 122552 0 0 6 6079 2071752 2 441 0 0 0 0 740 0 0 0 70
1395975241 532 0 4257 122552 0 0 6 6079 2071752 4 441 0 0 0 0 740 0 0 0 70
1395985153 532 0 4286 122552 0 0 6 6079 2071752 4 441 0 0 0 0 740 0 0 0 70
1396004321 532 0 4286 122552 0 0 6 6079 2071752 4 441 0 0 0 0 740 0 0 0 70
1396004397 532 0 4286 122552 0 0 6 6079 2071752 5 441 0 0 0 0 740 0 0 0 70
1396004591 532 0 4286 122552 0 0 6 6079 2071752 24 441 0 0 0 0 740 0 0 0 70
1396004708 532 0 4286 122552 0 0 6 6079 2071752 25 441 0 0 0 0 740 0 0 0 70
1396396622 532 0 4286 122552 0 0 6 6079 2071753 25 441 0 0 0 0 740 0 0 0 70
1396457187 532 0 4286 122552 0 0 6 6079 2071755 25 441 0 0 0 0 740 0 0 0 70
1396476410 532 0 4286 122552 0 0 6 6079 2071755 25 441 0 0 0 0 740 0 0 0 70
1396481452 532 0 4286 122552 0 0 6 6079 2071755 28 441 0 0 0 0 740 0 0 0 70
1396484947 532 0 4286 122552 0 0 6 6079 2071755 28 441 0 0 0 0 740 0 0 0 70
1396524265 532 0 4286 122552 0 0 6 6079 2071757 28 441 0 0 0 0 740 0 0 0 70
1396533488 539 0 4286 122552 0 0 6 6079 2071757 28 441 0 0 0 0 740 0 0 0 70
1396571041 542 0 4286 122552 0 0 6 6079 2071757 28 441 0 0 0 0 740 0 0 0 70
1396588999 542 0 4286 122552 0 0 6 6079 2071757 28 441 0 0 0 0 740 0 0 0 70
1396637057 543 0 4286 122552 0 0 6 6079 2071757 28 441 0 0 0 0 740 0 0 0 70
1396639389 544 0 4286 122552 0 0 6 6079 2071757 28 441 0 0 0 0 740 0 0 0 70
1396697762 544 9 4286 122552 0 0 6 6079 2071757 28 441 0 0 0 0 740 0 0 0 70
1396876804 544 9 4286 122552 0 0 6 6079 2071767 28 441 0 0 0 0 740 0 0 0 70
1396881672 544 9 4286 122552 0 0 6 6079 2071785 28 441 0 0 0 0 740 0 0 0 70
1396881743 544 9 4286 122552 0 0 6 6079 2071786 28 441 0 0 0 0 740 0 0 0 70
1396882960 544 9 4286 122552 0 0 6 6079 2071792 28 441 0 0 0 0 740 0 0 0 70
1396883084 544 9 4286 122552 0 0 6 6079 2071794 28 441 0 0 0 0 740 0 0 0 70
1396885477 544 9 4286 122552 0 0 6 6079 2071797 28 441 0 0 0 0 740 0 0 0 70
1396892350 544 9 4286 122552 0 0 6 6079 2071801 28 441 0 0 0 0 740 0 0 0 70
1396892412 544 9 4286 122552 0 0 6 6079 2071803 28 441 0 0 0 0 740 0 0 0 70
1396893324 544 9 4286 122552 0 0 6 6079 2071806 28 441 0 0 0 0 740 0 0 0 70
1396898227 544 9 4286 122552 0 0 6 6079 2071808 28 441 0 0 0 0 740 0 0 0 70
1396898270 544 9 4286 122552 0 0 6 6079 2071810 28 441 0 0 0 0 740 0 0 0 70
1396928395 544 9 4286 122552 0 0 6 6079 2071810 28 441 0 0 0 0 740 0 0 0 70
1396931049 544 9 4286 122552 0 0 6 6079 2071810 28 441 0 0 0 0 740 0 0 0 70
1396976926 544 9 4286 122552 0 0 6 6079 2071810 28 441 0 0 0 0 740 0 0 0 70
1396997400 545 9 4286 122552 0 0 6 6079 2071810 28 441 0 0 0 0 740 0 0 0 70
1396997492 545 9 4286 122552 0 0 6 6079 2071810 28 441 0 0 0 0 740 0 0 0 70
1396998053 546 9 4286 122552 0 0 6 6079 2071810 28 441 0 0 0 0 740 0 0 0 70
1397000364 546 9 4286 122552 0 0 6 6079 2071819 28 441 0 0 0 0 740 0 0 0 70
1397001763 546 9 4286 122552 0 0 6 6079 2071819 32 441 0 0 0 0 740 0 0 0 70
1397003465 560 9 4286 122552 0 0 6 6079 2071819 32 441 0 0 0 0 740 0 0 0 70
1397003543 561 9 4286 122552 0 0 6 6079 2071819 32 441 0 0 0 0 740 0 0 0 70
1397003590 561 9 4286 122552 0 0 6 6079 2071819 32 441 0 0 0 0 740 0 0 0 70
1397006088 561 9 4286 122552 0 0 6 6079 2071819 40 441 0 0 0 0 740 0 0 0 70
1397007527 576 9 4286 122552 0 0 6 6079 2071819 40 441 0 0 0 0 740 0 0 0 70
1397008150 576 9 4286 122552 0 0 6 6079 2071819 40 441 0 0 0 0 740 0 0 0 70
1397008893 576 9 4286 122552 0 0 6 6079 2071819 40 441 0 0 0 0 740 0 0 0 70
1397009039 576 9 4286 122552 0 0 6 6079 2071819 40 441 0 0 0 0 740 0 0 0 70
1397011654 576 9 4286 122552 0 0 6 6079 2071819 40 441 0 0 0 0 740 0 0 0 70
1397145530 576 9 4286 122552 0 0 6 6079 2071819 40 441 0 0 0 0 740 0 0 0 70
1397224567 576 9 4960 122552 0 0 6 6079 2071819 40 441 0 0 0 0 740 0 0 0 70
1397224614 576 9 4960 122552 0 0 6 6079 2071819 40 441 0 0 0 0 740 0 0 0 70
1397225110 576 9 4960 122552 0 0 6 6079 2071819 40 441 0 0 0 0 740 0 0 0 70
1397225173 576 9 4960 122552 0 0 6 6079 2071819 40 441 0 0 0 0 740 0 0 0 70
1397371574 576 9 4960 122552 0 0 6 6079 2071819 40 441 0 0 0 0 740 0 0 0 70
1397475953 576 9 4960 122552 0 0 6 6079 2071819 40 441 0 0 0 0 740 0 0 0 70
1397496382 576 9 4960 122552 0 0 6 6079 2071819 40 441 0 0 0 0 740 0 0 0 70
1397498271 576 9 4960 122552 0 0 6 6079 2071819 40 441 0 0 11 0 740 0 0 0 70
1397502436 576 9 4960 122552 0 0 6 6079 2071819 40 441 0 0 30 0 740 0 0 0 70
1397534287 576 9 4960 122552 0 0 6 6079 2071819 40 441 0 0 30 0 740 0 0 0 70
1397543979 576 25406 4960 122552 0 0 6 6079 2071819 40 441 0 0 30 0 740 0 0 0 70
1397544051 576 25540 4960 122552 0 0 6 6079 2071819 40 441 0 0 30 0 740 0 0 0 70
1397569457 576 25542 4960 122552 0 0 6 6079 2071819 40 441 0 0 30 0 740 0 0 0 70
1397569533 576 25543 4960 122552 0 0 6 6079 2071819 40 441 0 0 30 0 740 0 0 0 70
1397569961 576 25544 4960 122552 0 0 6 6079 2071819 40 441 0 0 30 0 740 0 0 0 70
1397594981 576 25544 4960 122552 55 0 6 6079 2071819 40 441 0 0 30 0 740 0 0 0 70
1397595009 576 25544 4960 122552 55 0 6 6079 2071819 40 441 0 0 30 0 740 0 0 0 70
1397604421 576 25549 4960 122552 55 0 6 6079 2071819 40 441 0 0 30 0 740 0 0 0 70
1397607741 576 25549 4960 122552 55 0 6 6079 2071819 40 441 0 0 30 0 740 0 0 0 70
1397992441 576 25551 4960 122552 55 0 6 6079 2071819 40 441 0 0 30 0 740 0 0 0 70
1398093150 576 25551 4960 122552 55 0 6 6079 2071819 40 441 0 0 30 0 740 0 0 0 70
1398112432 576 25551 4960 122552 55 0 6 6079 2071819 40 441 0 0 30 0 740 0 0 0 70
1398207113 576 25551 4960 122552 55 0 6 6079 2071819 40 441 0 0 30 0 740 0 0 0 70
1398293501 576 25551 4960 122552 55 0 6 6079 2071819 40 441 0 0 30 0 740 0 0 0 70
1398319637 576 25551 4960 122552 55 0 6 6079 2071819 40 441 0 0 30 0 740 0 0 0 70
1398320733 576 25672 4960 122552 55 0 6 6079 2071819 40 441 0 0 30 0 740 0 0 0 70
1398320889 576 25674 4960 122552 55 0 6 6079 2071819 40 441 0 0 30 0 740 0 0 0 70
1398320972 576 25675 4960 122552 55 0 6 6079 2071819 40 441 0 0 30 0 740 0 0 0 70
1398349575 576 25689 4960 122552 55 0 6 6079 2071819 40 441 0 0 30 0 740 0 0 0 70
1398349649 576 25691 4960 122552 55 0 6 6079 2071819 40 441 0 0 30 0 740 0 0 0 70
1398353023 576 25692 4960 122552 55 0 6 6079 2071819 40 441 0 0 30 0 740 0 0 0 70
1398353054 576 25703 4960 122552 55 0 6 6079 2071819 40 441 0 0 30 0 740 0 0 0 70
1398440637 576 25704 4960 122552 55 0 6 6079 2071819 40 441 0 0 30 0 740 0 0 0 70
1398440660 576 25723 4960 122552 55 0 6 6079 2071819 40 441 0 0 30 0 740 0 0 0 70
1398454041 576 25723 4960 122552 55 0 6 6079 2071819 40 441 0 0 30 0 740 0 0 0 70
1398465357 577 25723 4960 122552 55 0 6 6079 2071819 40 441 0 0 30 0 740 0 0 0 70
1398465402 580 25723 4960 122552 55 0 6 6079 2071819 40 441 0 0 30 0 740 0 0 0 70
1398471969 580 25735 4960 122552 55 0 6 6079 2071819 40 441 0 0 30 0 740 0 0 0 70
1398474013 580 25811 4960 122552 55 0 6 6079 2071819 40 441 0 0 30 0 740 0 0 0 70
1398474097 580 25813 4960 122552 55 0 6 6079 2071819 40 441 0 0 30 0 740 0 0 0 70
1398493977 580 25813 4960 122552 55 0 6 6079 2071819 40 441 0 0 30 0 740 0 0 0 70
1398590510 580 25822 4960 122552 55 0 6 6079 2071819 40 441 0 0 30 0 740 0 0 0 70
1398592717 580 26028 4960 122552 55 0 6 6079 2071819 40 441 0 0 30 0 740 0 0 0 70
1398593035 580 26030 4960 122552 55 0 6 6079 2071819 40 441 0 0 30 0 740 0 0 0 70
1398601268 580 26039 4960 122552 55 0 6 6079 2071819 40 441 0 0 30 0 740 0 0 0 70
1398609250 580 26338 4960 122552 55 0 6 6079 2071819 40 441 0 0 30 0 740 0 0 0 70
1398610599 580 26350 4960 122552 55 0 6 6079 2071819 40 441 0 0 30 0 740 0 0 0 70
1398611093 580 26352 4960 122552 55 0 6 6079 2071819 40 441 0 0 30 0 740 0 0 0 70
1398660744 580 26352 4960 122552 55 0 6 6079 2071819 40 441 0 0 30 0 740 0 0 0 70
1398882627 580 26352 4960 122552 66 0 6 6079 2071819 40 441 0 0 30 0 740 0 0 0 70
1398967275 580 26352 4960 122552 66 0 6 6079 2071819 40 441 0 0 30 0 740 0 0 0 70
1398967732 580 26352 4963 122552 66 0 6 6079 2071819 40 441 0 0 30 0 740 0 0 0 70
1398968368 580 26352 4964 122552 66 0 6 6079 2071819 40 441 0 0 30 0 740 0 0 0 70
1399046104 580 26352 4964 122552 66 0 6 6079 2071819 40 441 0 0 30 0 740 0 0 0 70
1399074886 580 26352 4964 122552 66 0 6 6079 2071819 40 441 0 0 30 0 740 0 0 0 70
1399085556 580 26359 4964 122552 66 0 6 6079 2071819 40 441 0 0 30 0 740 0 0 0 70
1399089125 580 26616 4964 122552 66 0 6 6079 2071819 40 441 0 0 30 0 740 0 0 0 70
1399090529 580 26625 4964 122552 66 0 6 6079 2071819 40 441 0 0 30 0 740 0 0 0 70
1399096308 580 26625 4964 122552 66 0 6 6079 2071819 40 441 0 0 30 0 740 0 0 0 70
1399393758 580 26625 4964 122552 66 0 6 6079 2071819 40 441 0 0 438 0 740 0 0 0 70
1399395030 580 26625 4964 122552 66 0 6 6079 2071819 40 441 0 0 439 0 740 0 0 0 70
1399472946 580 26732 4964 122552 66 0 6 6079 2071819 40 441 0 0 439 0 740 0 0 0 70
1399474150 580 26751 4964 122552 66 0 6 6079 2071819 40 441 0 0 439 0 740 0 0 0 70
1399474628 580 26751 4964 122552 66 0 6 6079 2071819 40 441 0 0 442 0 740 0 0 0 70
1399657065 580 26751 4964 122552 66 0 6 6079 2071819 40 441 0 0 446 0 740 0 0 0 70
1399668279 580 26751 4964 122552 66 0 6 6079 2071819 40 441 0 0 446 0 740 0 0 0 70
1399693440 580 26826 4964 122552 66 0 6 6079 2071819 40 441 0 0 446 0 740 0 0 0 70
1399693474 580 26834 4964 122552 66 0 6 6079 2071819 40 441 0 0 446 0 740 0 0 0 70
1399693512 580 26834 4964 122552 66 0 6 6079 2071819 40 441 0 0 446 0 740 0 0 0 70
1399696652 580 26834 4964 122552 66 0 6 6079 2071819 40 441 0 0 446 0 740 0 0 0 70
1399700192 580 26862 4964 122552 66 0 6 6079 2071819 40 441 0 0 446 0 740 0 0 0 70
1399700361 580 26865 4964 122552 66 0 6 6079 2071819 40 441 0 0 446 0 740 0 0 0 70
1399708030 580 27008 4964 122552 66 0 6 6079 2071819 40 441 0 0 446 0 740 0 0 0 70
1399729505 580 27129 4964 122552 66 0 6 6079 2071819 40 441 0 0 446 0 740 0 0 0 70
1399729528 580 27130 4964 122552 66 0 6 6079 2071819 40 441 0 0 446 0 740 0 0 0 70
1399729576 580 27141 4964 122552 66 0 6 6079 2071819 40 441 0 0 446 0 740 0 0 0 70
1399729604 580 27148 4964 122552 66 0 6 6079 2071819 40 441 0 0 446 0 740 0 0 0 70
1399741428 580 27148 4964 122552 66 0 6 6079 2071819 40 441 0 0 446 0 740 0 0 0 70
1399770407 580 27156 4964 122552 66 0 6 6079 2071819 40 441 0 0 446 0 740 0 0 0 70
1399804160 580 32025 4964 122552 66 0 6 6079 2071819 40 441 0 0 446 0 740 0 0 0 70
1399808384 580 32025 4964 122552 66 0 6 6079 2071819 40 441 0 0 446 0 740 0 0 0 70
1400075168 580 32025 4964 122552 66 0 6 6079 2071819 40 441 0 0 446 0 740 0 0 0 70
1400103408 580 32025 4964 122552 66 0 6 6079 2071819 40 441 0 0 446 0 740 0 0 0 70
1400219251 580 32025 4977 122552 66 0 6 6079 2071819 40 441 0 0 446 0 740 0 0 0 70
1400220727 580 32025 4977 122552 66 0 6 6079 2071819 40 441 0 0 446 0 740 0 0 0 70
1400422530 580 32025 4977 122552 66 0 6 6079 2071819 40 441 0 0 446 0 740 0 0 0 70
1400558144 580 32025 4977 122552 66 0 6 6079 2071819 40 441 0 0 446 0 740 0 0 0 70
1400608640 580 32025 4977 122552 66 0 6 6079 2071819 40 441 0 0 446 0 740 0 0 0 70
1400728942 580 32028 4977 122552 66 0 6 6079 2071819 40 441 0 0 446 0 740 0 0 0 70
1400728976 580 32028 4977 122552 66 0 6 6079 2071819 40 441 0 0 446 0 740 0 0 0 70
1400735495 580 32028 4977 122552 66 0 6 6079 2071819 40 441 0 0 446 0 740 0 0 0 70
1401315989 580 32028 4977 122552 66 0 6 6079 2071819 40 441 0 0 446 0 740 735 0 0 70
1401318283 580 32028 4977 122552 66 0 6 6079 2071819 40 441 0 0 446 0 740 818 0 0 70
1401380904 580 32028 4977 122552 66 0 6 6079 2071819 40 441 0 0 446 0 740 1114 0 0 70
1401381064 580 32028 4977 122552 66 0 6 6079 2071819 40 441 0 0 446 0 740 1116 0 0 70
1401465929 580 32028 4977 122552 66 0 6 6079 2071819 40 441 0 0 446 0 740 1122 0 0 70
1401542798 580 32304 4977 122552 66 0 6 6079 2071819 40 441 0 0 446 0 740 1122 0 0 70
1401542866 580 32307 4977 122552 66 0 6 6079 2071819 40 441 0 0 446 0 740 1122 0 0 70
1401542963 580 32330 4977 122552 66 0 6 6079 2071819 40 441 0 0 446 0 740 1122 0 0 70
1401543597 580 32363 4977 122552 66 0 6 6079 2071819 40 441 0 0 446 0 740 1122 0 0 70
1401543864 580 32366 4977 122552 66 0 6 6079 2071819 40 441 0 0 446 0 740 1122 0 0 70
1401543895 580 32367 4977 122552 66 0 6 6079 2071819 40 441 0 0 446 0 740 1122 0 0 70
1401544501 580 32367 4977 122552 66 0 6 6079 2071819 40 441 0 0 446 0 740 1122 0 0 70
1401545003 580 32367 4977 122552 66 0 6 6079 2071819 40 441 0 0 446 0 740 1122 0 0 70
1401803964 580 32367 4977 122552 66 0 6 6079 2071819 40 441 0 0 446 0 740 1122 0 0 70
1401819785 580 32367 4977 122552 66 0 6 6079 2071819 40 441 0 0 446 0 740 1122 0 0 70
1401819965 580 32367 4977 122552 66 0 6 6079 2071819 40 441 0 0 446 0 740 1122 0 0 70
1401822647 580 32367 4977 122552 66 0 6 6079 2071819 40 441 0 0 446 0 740 1122 0 0 70
1401829141 580 32367 4977 122552 66 0 6 6079 2071819 40 441 0 0 446 0 740 1122 0 0 70
1401894318 580 32382 4977 122552 66 0 6 6079 2071819 40 441 0 0 446 0 740 1122 0 0 70
1401894384 580 32387 4977 122552 66 0 6 6079 2071819 40 441 0 0 446 0 740 1122 0 0 70
1401894953 580 32397 4977 122552 66 0 6 6079 2071819 40 441 0 0 446 0 740 1122 0 0 70
1401895198 580 32398 4977 122552 66 0 6 6079 2071819 40 441 0 0 446 0 740 1122 0 0 70
1401895246 580 32399 4977 122552 66 0 6 6079 2071819 40 441 0 0 446 0 740 1122 0 0 70
1401895482 580 32403 4977 122552 66 0 6 6079 2071819 40 441 0 0 446 0 740 1122 0 0 70
1401896235 580 32415 4977 122552 66 0 6 6079 2071819 40 441 0 0 446 0 740 1122 0 0 70
1401896284 580 32415 4977 122552 66 0 6 6079 2071819 40 441 0 0 446 0 740 1122 0 0 70
1401904863 580 32415 4977 122552 66 0 6 6079 2071819 40 441 0 0 446 0 740 1122 0 0 70
1401972384 580 32421 4977 122552 66 0 6 6079 2071819 40 441 0 0 446 0 740 1122 0 0 70
1401973514 580 32427 4977 122552 66 0 6 6079 2071819 40 441 0 0 446 0 740 1122 0 0 70
1401975430 580 32435 4977 122552 66 0 6 6079 2071819 40 441 0 0 446 0 740 1122 0 0 70
1401982717 580 32437 4977 122552 66 0 6 6079 2071819 40 441 0 0 446 0 740 1122 0 0 70
1401982835 580 32439 4977 122552 66 0 6 6079 2071819 40 441 0 0 446 0 740 1122 0 0 70
1401983710 580 32439 4977 122552 66 0 6 6079 2071819 40 441 0 0 446 0 740 1122 0 0 70
1402063596 580 32439 4977 122552 66 0 6 6079 2071851 40 441 0 0 446 0 740 1122 0 0 70
1402065486 580 32442 4977 122552 66 0 6 6079 2071851 40 441 0 0 446 0 740 1122 0 0 70
1402065577 580 32455 4977 122552 66 0 6 6079 2071851 40 441 0 0 446 0 740 1122 0 0 70
1402065635 580 33804 4977 122552 66 0 6 6079 2071851 40 441 0 0 446 0 740 1122 0 0 70
1402068168 580 33807 4977 122552 66 0 6 6079 2071851 40 441 0 0 446 0 740 1122 0 0 70
1402069902 580 33807 4977 122552 66 0 6 6079 2071851 40 441 0 0 459 0 740 1122 0 0 70
1402070575 580 33807 4977 122552 66 0 6 6079 2071851 40 441 0 0 459 0 740 1122 0 0 70
1402076720 580 33807 4977 122552 66 0 6 6079 2071851 40 441 0 0 459 0 740 1122 0 0 70
1402087457 580 33807 4980 122552 66 0 6 6079 2071851 40 441 0 0 459 0 740 1122 0 0 70
1402091320 580 33807 4980 122552 66 0 6 6079 2071851 40 441 0 0 459 0 740 1122 0 0 70
1402091386 580 33807 4980 122552 66 0 6 6079 2071851 40 441 0 0 459 0 740 1122 0 0 70
1402094070 580 33807 4980 122552 66 0 6 6079 2071852 40 441 0 0 459 0 740 1122 0 0 70
1402124722 580 33807 4980 122552 66 0 6 6079 2071852 40 441 0 0 459 0 740 1122 0 0 70
1402125751 580 33822 4980 122552 66 0 6 6079 2071852 40 441 0 0 459 0 740 1122 0 0 70
1402147212 580 33832 4980 122552 66 0 6 6079 2071852 40 441 0 0 459 0 740 1122 0 0 70
1402147433 580 35181 4980 122552 66 0 6 6079 2071852 40 441 0 0 459 0 740 1122 0 0 70
1402147639 580 35181 4980 122552 66 0 6 6079 2071852 40 441 0 0 459 0 740 1122 0 0 70
1402150754 580 35221 4980 122552 66 0 6 6079 2071852 40 441 0 0 459 0 740 1122 0 0 70
1402150785 580 35230 4980 122552 66 0 6 6079 2071852 40 441 0 0 459 0 740 1122 0 0 70
1402169685 580 35230 4980 122552 66 0 6 6079 2071852 40 441 0 0 459 0 740 1122 0 0 70
1402198293 580 35237 4980 122552 66 0 6 6079 2071852 40 441 0 0 459 0 740 1122 0 0 70
1402199414 580 35237 4980 122552 66 0 6 6079 2071852 40 441 0 0 459 0 740 1122 0 0 70
1402247451 580 35237 4980 122552 66 0 6 6079 2071852 40 441 0 0 459 0 740 1122 0 0 70
1402357115 580 35237 4980 122552 66 0 6 6079 2071906 40 441 0 0 459 0 740 1122 0 0 70
1402467628 580 35237 4980 122552 66 0 6 6079 2071906 40 441 0 0 459 5 740 1122 0 0 70
1402468188 580 35237 4980 122552 66 0 6 6079 2071906 40 441 0 0 459 6 740 1122 0 0 70
1402506498 580 35237 4980 122552 66 0 6 6079 2071906 40 441 0 0 459 11 740 1122 0 0 70
1402585996 580 35237 4980 122552 66 0 6 6079 2071906 40 441 0 0 459 11 740 1122 0 0 70
1402606268 580 35237 4980 122552 66 0 6 6079 2071906 40 441 0 0 459 11 740 1122 0 0 70
1402744257 580 35237 4980 122552 66 0 6 6079 2071906 46 441 0 0 459 11 740 1122 0 0 70
1403014421 580 35237 4980 122552 66 0 6 6079 2071906 46 441 0 0 459 11 740 1122 0 0 70
1403068257 580 35239 4980 122552 66 0 6 6079 2071906 46 441 0 0 459 11 740 1122 0 0 70
1403069520 580 35239 4980 122552 66 0 6 6079 2071906 46 441 0 0 459 11 740 1122 0 0 70
1403107079 580 35239 4980 122552 66 0 6 6079 2071906 46 441 0 0 459 11 740 1122 0 0 70
1403322157 580 35239 4980 122552 66 0 6 6079 2071906 46 441 0 0 459 11 740 1122 0 0 70
1403338670 580 35249 4980 122552 66 0 6 6079 2071906 46 441 0 0 459 11 740 1122 0 0 70
1403338842 580 35250 4980 122552 66 0 6 6079 2071906 46 441 0 0 459 11 740 1122 0 0 70
1403484563 580 35250 4980 122552 74 0 6 6079 2071906 46 441 0 0 459 11 740 1122 0 0 70
1403509440 580 35250 4980 122552 207 0 6 6079 2071906 46 441 0 0 459 11 740 1122 0 0 70
1403512239 580 35250 4980 122552 274 0 6 6079 2071906 46 441 0 0 459 11 740 1122 0 0 70
1403548131 580 35250 4980 122552 290 0 6 6079 2071906 46 441 0 0 459 11 740 1122 0 0 70
1403548181 580 35250 4980 122552 290 0 6 6079 2071906 46 441 0 0 459 11 740 1122 0 0 70
1403550121 580 35250 4980 122552 305 0 6 6079 2071906 46 441 0 0 459 11 740 1122 0 0 70
1403550134 580 35250 4980 122552 305 0 6 6079 2071906 46 441 0 0 459 11 740 1122 0 0 70
1403550305 580 35250 4980 122552 305 0 6 6079 2071906 46 441 0 0 459 11 740 1122 0 0 70
1403550370 580 35250 4980 122552 317 0 6 6079 2071906 46 441 0 0 459 11 740 1122 0 0 70
1403589113 580 35250 4980 122552 320 0 6 6079 2071906 46 441 0 0 459 11 740 1122 0 0 70
1403628111 580 35250 4980 122552 320 0 6 6079 2071906 46 441 0 0 459 11 740 1122 0 0 70
1403650556 580 35250 4980 122552 322 0 6 6079 2071906 46 441 0 0 459 11 740 1122 0 0 70
1403651339 580 35250 4980 122552 338 0 6 6079 2071906 46 441 0 0 459 11 740 1122 0 0 70
1403652078 580 35250 4980 122552 338 0 6 6079 2071906 46 441 0 0 459 11 740 1122 0 0 70
1403652584 580 35250 4980 122552 338 0 6 6079 2071906 46 441 0 0 459 11 740 1122 0 0 70
1403731682 580 35250 4980 122552 347 0 6 6079 2071906 46 441 0 0 459 11 740 1122 0 0 70
1403732084 580 35250 4980 122552 347 0 6 6079 2071906 46 441 0 0 459 11 740 1122 0 0 70
1403732101 580 35250 4980 122552 347 0 6 6079 2071906 46 441 0 0 459 11 740 1122 0 0 70
1403878929 580 35250 4980 122552 347 0 6 6079 2071906 46 441 0 0 459 11 740 1122 0 0 70
1403905908 580 35250 4980 122552 347 0 6 6079 2071906 46 441 0 0 459 11 740 1122 0 0 70
1404171412 580 35250 4980 122552 371 0 6 6079 2071906 46 441 0 0 459 11 740 1122 0 0 70
1404172364 580 35250 4980 122552 371 0 6 6079 2071906 46 441 0 0 459 11 740 1122 0 0 70
1404368858 580 35250 4980 122552 371 0 6 6079 2071906 46 441 0 0 459 11 740 1122 0 0 70
1404371977 580 35251 4980 122552 371 0 6 6079 2071906 46 441 0 0 459 11 740 1122 0 0 70
1404373974 580 35258 4980 122552 371 0 6 6079 2071906 46 441 0 0 459 11 740 1122 0 0 70
1404374806 580 35258 4980 122552 371 0 6 6079 2071906 46 441 0 0 459 11 740 1122 0 0 70
1404376097 580 35262 4980 122552 371 0 6 6079 2071906 46 441 0 0 459 11 740 1122 0 0 70
1404380846 580 35321 4980 122552 371 0 6 6079 2071906 46 441 0 0 459 11 740 1122 0 0 70
1404395391 580 35338 4980 122552 371 0 6 6079 2071906 46 441 0 0 459 11 740 1122 0 0 70
1404397430 580 35338 4980 122552 371 0 6 6079 2071906 46 441 0 0 459 11 740 1122 0 0 70
1404398727 580 35346 4980 122552 371 0 6 6079 2071906 46 441 0 0 459 11 740 1122 0 0 70
1404439431 580 35346 4980 122552 371 0 6 6079 2071906 52 441 0 0 459 11 740 1122 0 0 70
1404486224 580 35346 4980 122552 371 0 6 6079 2071906 52 441 0 0 459 11 740 1122 0 0 70
1404531046 580 35346 4980 122552 371 0 6 6079 2071906 52 441 0 0 459 11 740 1122 0 0 70
1404531304 580 35346 4980 122552 371 0 6 6079 2071906 52 441 0 0 459 11 740 1122 0 0 70
1404654139 580 35373 4980 122552 371 0 6 6079 2071906 52 441 0 0 459 11 740 1122 0 0 70
1404654171 580 35375 4980 122552 371 0 6 6079 2071906 52 441 0 0 459 11 740 1122 0 0 70
1404654572 580 35376 4980 122552 371 0 6 6079 2071906 52 441 0 0 459 11 740 1122 0 0 70
1404655230 580 35386 4980 122552 371 0 6 6079 2071906 52 441 0 0 459 11 740 1122 0 0 70
1404656866 580 35387 4980 122552 371 0 6 6079 2071906 52 441 0 0 459 11 740 1122 0 0 70
1404662423 580 35387 4980 122552 371 0 6 6079 2071906 52 441 0 0 459 11 740 1122 0 0 70
1404663455 580 35387 4981 122552 371 0 6 6079 2071906 52 441 0 0 459 11 740 1122 0 0 70
1404663629 580 35387 4981 122552 371 0 6 6079 2071906 52 441 0 0 459 11 740 1122 0 0 70
1404963221 580 35387 4981 122552 371 0 6 6079 2071906 52 441 0 0 459 11 740 1122 0 0 70
1405356571 580 35387 4981 122552 371 0 6 6079 2071908 52 441 0 0 459 11 740 1122 0 0 70
1405357938 580 35387 4981 122552 371 0 6 6079 2071912 52 441 0 0 459 11 740 1122 0 0 70
1405359360 580 35387 4981 122552 371 0 6 6079 2071912 52 441 0 0 459 11 740 1122 0 0 70
1407255340 580 35387 4981 122575 371 0 6 6079 2071912 52 441 0 0 459 11 740 1122 0 0 70
1407303874 580 35387 4981 122575 371 0 79 6079 2071912 52 441 0 0 459 11 740 1122 0 0 70
1407338845 580 35387 4981 122575 371 0 79 6079 2071912 52 441 0 0 459 11 740 1122 0 0 70
1407344034 580 35387 4981 122575 371 0 135 6079 2071912 52 441 0 0 459 11 740 1122 0 0 70
1407353751 580 35387 4981 122575 371 0 141 6079 2071912 52 441 0 0 459 11 740 1122 0 0 70
1407353809 580 35387 4981 122575 371 0 141 6079 2071912 52 441 0 0 459 11 740 1122 0 0 70
1407861681 580 35387 4981 122575 371 0 141 6079 2071912 52 441 0 0 459 11 740 1122 0 0 70
1408049210 580 35387 4981 122578 371 0 141 6079 2071912 52 441 0 0 459 11 740 1122 0 0 70
1408114631 580 35387 4981 122578 371 0 141 6079 2071912 52 441 0 0 459 11 740 1122 0 0 70
1408114676 580 35387 4981 122578 371 0 141 6079 2071912 52 441 0 0 459 11 740 1122 0 0 70
1408138413 580 35387 4981 122578 371 0 231 6079 2071912 52 441 0 0 459 11 740 1122 0 0 70
1408140431 580 35387 4981 122578 371 0 251 6079 2071912 52 441 0 0 459 11 740 1122 0 0 70
1408140479 580 35387 4981 122578 371 0 251 6079 2071912 52 441 0 0 459 11 740 1122 0 0 70
1408172162 580 35387 4981 122578 371 0 251 6079 2071912 52 441 0 0 459 11 740 1122 0 0 70
1408172232 580 35387 4981 122578 371 0 251 6079 2071912 52 441 0 1 459 11 740 1122 0 0 70
1408224823 580 35387 4981 122578 371 0 251 6079 2071912 52 441 0 1 459 11 740 1122 0 0 70
1408239177 580 35387 4981 122578 371 0 251 6079 2071912 52 441 0 1 459 11 740 1122 0 0 70
1408481814 582 35387 4981 122578 371 0 251 6079 2071912 52 441 0 1 459 11 740 1122 0 0 70
1408484197 582 35387 4981 122578 371 0 251 6079 2071912 52 441 0 1 459 11 740 1122 0 0 70
1408652863 582 35387 4981 122591 371 0 251 6079 2071912 52 441 0 1 459 11 740 1122 0 0 70
1408652878 582 35387 4981 122591 371 0 251 6079 2071912 52 441 0 1 459 11 740 1122 0 0 70
1408653103 582 35387 4981 122595 371 0 251 6079 2071912 52 441 0 1 459 11 740 1122 0 0 70
1408685405 582 35387 4981 122595 371 0 251 6079 2071912 52 441 0 1 459 56 740 1122 0 0 70
1408685949 582 35387 4981 122595 371 0 251 6079 2071912 52 441 0 1 459 58 740 1122 0 0 70
1408689112 582 35387 4981 122595 371 0 251 6079 2071912 52 441 0 1 459 112 740 1122 0 0 70
1408724467 582 35387 4981 122606 371 0 251 6079 2071912 52 441 0 1 459 112 740 1122 0 0 70
1408724725 582 35387 4981 122617 371 0 251 6079 2071912 52 441 0 1 459 112 740 1122 0 0 70
1409095963 582 35387 4981 122680 371 0 251 6079 2071912 52 441 0 1 459 112 740 1122 0 0 70
1409119418 582 35387 4981 122680 371 0 251 6079 2071912 52 441 0 1 459 159 740 1122 0 0 70
1409124406 582 35387 4981 122680 371 0 251 6079 2071912 52 441 0 1 459 162 740 1122 0 0 70
1409124994 582 35387 4981 122680 371 0 251 6079 2071912 52 441 0 1 459 165 740 1122 0 0 70
1409165280 582 35387 4981 122680 371 0 251 6079 2071912 52 441 0 1 459 165 740 1122 0 0 70
1409671974 582 35387 4981 122680 371 0 251 6079 2071912 52 441 0 1 459 172 740 1122 0 0 70
1409684490 582 35387 4981 122680 371 0 251 6079 2071912 52 441 0 1 459 172 740 1122 0 0 70
1409693668 582 35387 4981 122680 371 0 287 6079 2071912 52 441 0 1 459 172 740 1122 0 0 70
1409697860 582 35387 4981 122680 371 0 293 6079 2071912 52 441 0 1 459 172 740 1122 0 0 70
1409713330 582 35387 4981 122680 371 0 293 6079 2071912 52 441 0 1 459 172 740 1122 0 0 70
1409718109 582 35387 4981 122680 371 0 296 6079 2071912 52 441 0 1 459 172 740 1122 0 0 70
1409718415 582 35387 4981 122680 371 0 296 6079 2071912 52 441 0 1 459 172 740 1122 0 0 70
1409769414 582 35387 4985 122680 371 0 296 6079 2071912 52 441 0 1 459 172 740 1122 0 0 70
1409777513 582 35387 4985 122680 371 0 296 6079 2071912 52 441 0 1 459 172 740 1122 0 0 70
1409837679 582 35387 4985 122680 371 0 296 6079 2071912 52 441 0 1 459 172 740 1122 0 0 70
1409844280 582 35387 4985 122680 371 0 296 6079 2071912 52 441 0 1 459 172 740 1122 0 0 70
1409928774 584 35387 4985 122680 371 0 296 6079 2071912 52 441 0 1 459 172 740 1122 0 0 70
1409929076 590 35387 4985 122680 371 0 296 6079 2071912 52 441 0 1 459 172 740 1122 0 0 70
1409930647 592 35387 4985 122680 371 0 296 6079 2071912 52 441 0 1 459 172 740 1122 0 0 70
1409931413 593 35387 4985 122680 371 0 296 6079 2071912 52 441 0 1 459 172 740 1122 0 0 70
1409931845 594 35387 4985 122680 371 0 296 6079 2071912 52 441 0 1 459 172 740 1122 0 0 70
1409949761 1232 35387 4985 122680 371 0 296 6079 2071912 52 441 0 1 459 172 740 1122 0 0 70
1409953050 1238 35387 4985 122680 371 0 296 6079 2071912 52 441 0 1 459 172 740 1122 0 0 70
1409965062 1239 35415 4985 122680 371 0 296 6079 2071912 52 441 0 1 459 172 740 1122 0 0 70
1410067919 1239 65353 4985 122680 371 0 296 6079 2071912 52 441 0 1 459 172 740 1122 0 0 70
1410069112 1239 74945 4985 122680 371 0 296 6079 2071912 52 441 0 1 459 172 740 1122 0 0 70
1410069343 1239 74948 4985 122680 371 0 296 6079 2071912 52 441 0 1 459 172 740 1122 0 0 70
1410069383 1239 74959 4985 122680 371 0 296 6079 2071912 52 441 0 1 459 172 740 1122 0 0 70
1410069627 1239 74964 4985 122680 371 0 296 6079 2071912 52 441 0 1 459 172 740 1122 0 0 70
1410070080 1239 74997 4985 122680 371 0 296 6079 2071912 52 441 0 1 459 172 740 1122 0 0 70
1410070336 1239 84810 4985 122680 371 0 296 6079 2071912 52 441 0 1 459 172 740 1122 0 0 70
1410075952 1239 85252 4985 122680 371 0 296 6079 2071912 52 441 0 1 459 172 740 1122 0 0 70
1410093856 1239 85265 4985 122680 371 0 296 6079 2071912 52 441 0 1 459 172 740 1122 0 0 70
1410094027 1239 85270 4985 122680 371 0 296 6079 2071912 52 441 0 1 459 172 740 1122 0 0 70
1410094219 1239 85289 4985 122680 371 0 296 6079 2071912 52 441 0 1 459 172 740 1122 0 0 70
1410094661 1239 85291 4985 122680 371 0 296 6079 2071912 52 441 0 1 459 172 740 1122 0 0 70
1410097840 1239 85362 4985 122680 371 0 296 6079 2071912 52 441 0 1 459 172 740 1122 0 0 70
1410098078 1239 85365 4985 122680 371 0 296 6079 2071912 52 441 0 1 459 172 740 1122 0 0 70
1410098601 1239 85383 4985 122680 371 0 296 6079 2071912 52 441 0 1 459 172 740 1122 0 0 70
1410099080 1239 85387 4985 122680 371 0 296 6079 2071912 52 441 0 1 459 172 740 1122 0 0 70
1410099293 1239 85390 4985 122680 371 0 296 6079 2071912 52 441 0 1 459 172 740 1122 0 0 70
1410099719 1239 85396 4985 122680 371 0 296 6079 2071912 52 441 0 1 459 172 740 1122 0 0 70
1410099955 1239 85403 4985 122680 371 0 296 6079 2071912 52 441 0 1 459 172 740 1122 0 0 70
1410100285 1239 85404 4985 122680 371 0 296 6079 2071912 52 441 0 1 459 172 740 1122 0 0 70
1410100538 1239 85406 4985 122680 371 0 296 6079 2071912 52 441 0 1 459 172 740 1122 0 0 70
1410101193 1239 85411 4985 122680 371 0 296 6079 2071912 52 441 0 1 459 172 740 1122 0 0 70
1410145190 1239 85412 4985 122680 371 0 296 6079 2071912 52 441 0 1 459 172 740 1122 0 0 70
1410146396 1239 85422 4985 122680 371 0 296 6079 2071912 52 441 0 1 459 172 740 1122 0 0 70
1410146456 1239 85516 4985 122680 371 0 296 6079 2071912 52 441 0 1 459 172 740 1122 0 0 70
1410147077 1239 85523 4985 122680 371 0 296 6079 2071912 52 441 0 1 459 172 740 1122 0 0 70
1410147434 1239 85524 4985 122680 371 0 296 6079 2071912 52 441 0 1 459 172 740 1122 0 0 70
1410147571 1239 85526 4985 122680 371 0 296 6079 2071912 52 441 0 1 459 172 740 1122 0 0 70
1410147659 1239 110519 4985 122680 371 0 296 6079 2071912 52 441 0 1 459 172 740 1122 0 0 70
1410147916 1239 110519 4985 122680 371 0 296 6079 2071912 52 441 0 1 459 172 740 1122 0 0 70
1410148038 1239 110757 4985 122680 371 0 296 6079 2071912 52 441 0 1 459 172 740 1122 0 0 70
1410148203 1239 110757 4985 122680 371 0 296 6079 2071912 52 441 0 1 459 172 740 1122 0 0 70
1410148634 1239 110757 4985 122680 371 0 296 6079 2071912 52 441 0 1 459 172 740 1122 0 0 70
1410148658 1239 110757 4985 122680 371 0 296 6079 2071912 52 441 0 1 459 172 740 1122 0 0 70
1410148688 1239 110911 4985 122680 371 0 296 6079 2071912 52 441 0 1 459 172 740 1122 0 0 70
1410153313 1239 110925 4985 122680 371 0 296 6079 2071912 52 441 0 1 459 172 740 1122 0 0 70
1410153927 1239 145571 4985 122680 371 0 296 6079 2071912 52 441 0 1 459 172 740 1122 0 0 70
1410153954 1239 145581 4985 122680 371 0 296 6079 2071912 52 441 0 1 459 172 740 1122 0 0 70
1410154321 1239 145582 4985 122680 371 0 296 6079 2071912 52 441 0 1 459 172 740 1122 0 0 70
1410154611 1239 145584 4985 122680 371 0 296 6079 2071912 52 441 0 1 459 172 740 1122 0 0 70
1410154908 1239 145584 4985 122680 371 0 296 6079 2071912 52 441 0 1 459 172 740 1122 0 0 70
1410155243 1239 145585 4985 122680 371 0 296 6079 2071912 52 441 0 1 459 172 740 1122 0 0 70
1410155788 1239 145586 4985 122680 371 0 296 6079 2071912 52 441 0 1 459 172 740 1122 0 0 70
1410156153 1239 145587 4985 122680 371 0 296 6079 2071912 52 441 0 1 459 172 740 1122 0 0 70
1410157151 1239 145587 4985 122680 371 0 296 6079 2071912 52 441 0 1 459 172 740 1122 0 0 70
1410162207 1239 145596 4985 122680 371 0 296 6079 2071912 52 441 0 1 459 172 740 1122 0 0 70
1410162221 1239 145639 4985 122680 371 0 296 6079 2071912 52 441 0 1 459 172 740 1122 0 0 70
1410172797 1239 145710 4985 122680 371 0 296 6079 2071912 52 441 0 1 459 172 740 1122 0 0 70
1410191067 1240 145710 4985 122680 371 0 296 6079 2071912 52 441 0 1 459 172 740 1122 0 0 70
1410191772 1241 145710 4985 122680 371 0 296 6079 2071912 52 441 0 1 459 172 740 1122 0 0 70
1410192744 1245 145710 4985 122680 371 0 296 6079 2071912 52 441 0 1 459 172 740 1122 0 0 70
1410199914 1246 145710 4985 122680 371 0 296 6079 2071912 52 441 0 1 459 172 740 1122 0 0 70
1410200256 1246 145710 4985 122680 371 0 296 6079 2071912 52 441 0 1 459 172 740 1122 0 0 70
1410203604 1247 145710 4985 122680 371 0 296 6079 2071912 52 441 0 1 459 172 740 1122 0 0 70
1410204882 1250 145710 4985 122680 371 0 296 6079 2071912 52 441 0 1 459 172 740 1122 0 0 70
1410205702 1251 145710 4985 122680 371 0 296 6079 2071912 52 441 0 1 459 172 740 1122 0 0 70
1410207190 1252 145710 4985 122680 371 0 296 6079 2071912 52 441 0 1 459 172 740 1122 0 0 70
1410209830 1252 145710 4985 122680 371 0 296 6079 2071912 52 441 0 1 459 172 740 1122 0 0 70
1410210629 1252 145710 4985 122680 371 0 296 6079 2071912 52 441 0 1 459 172 740 1122 0 0 70
1410357373 1252 145710 4985 122680 371 0 296 6079 2071912 52 441 0 1 459 172 740 1122 0 0 70
1410357696 1252 145712 4985 122680 371 0 296 6079 2071912 52 441 0 1 459 172 740 1122 0 0 70
1410360099 1252 145882 4985 122680 371 0 296 6079 2071912 52 441 0 1 459 172 740 1122 0 0 70
1410364587 1252 145993 4985 122680 371 0 296 6079 2071912 52 441 0 1 459 172 740 1122 0 0 70
1410398950 1252 145993 4985 122680 371 0 296 6079 2071912 52 441 0 1 459 172 740 1122 0 0 70
1410399155 1252 145993 4985 122680 371 0 296 6079 2071912 52 441 0 2 459 172 740 1122 0 0 70
1410463079 1252 145993 4987 122680 371 0 296 6079 2071912 52 441 0 2 459 172 740 1122 0 0 70
1410463333 1252 145993 4987 122680 371 0 296 6079 2071912 52 441 0 2 459 172 740 1122 0 0 70
1410471993 1252 145993 4987 122680 371 0 296 6079 2071912 52 441 0 2 459 172 740 1122 0 0 70
1410472823 1252 145993 4987 122680 371 0 296 6079 2071912 52 441 0 2 459 172 740 1122 0 0 70
1410479724 1254 145993 4987 122680 371 0 296 6079 2071912 52 441 0 2 459 172 740 1122 0 0 70
1411027553 1259 145993 4987 122680 371 0 296 6079 2071912 52 441 0 2 459 172 740 1122 0 0 70
1411027999 1262 145993 4987 122680 371 0 296 6079 2071912 52 441 0 2 459 172 740 1122 0 0 70
1411029704 1264 145993 4987 122680 371 0 296 6079 2071912 52 441 0 2 459 172 740 1122 0 0 70
1411031906 1265 145993 4987 122680 371 0 296 6079 2071912 52 441 0 2 459 172 740 1122 0 0 70
1411032406 1266 145993 4987 122680 371 0 296 6079 2071912 52 441 0 2 459 172 740 1122 0 0 70
1411033638 1268 145993 4987 122680 371 0 296 6079 2071912 52 441 0 2 459 172 740 1122 0 0 70
1411034546 1269 145993 4987 122680 371 0 296 6079 2071912 52 441 0 2 459 172 740 1122 0 0 70
1411069662 1269 145993 4987 122680 371 0 4020 6079 2071912 52 441 0 2 459 172 740 1122 0 0 70
1411069946 1269 145993 4987 122680 371 0 4020 6079 2071912 52 441 0 2 459 172 740 1122 0 0 70
1411073082 1269 145993 4987 122680 371 0 4020 6079 2071912 52 441 0 2 459 172 740 1122 0 0 70
1411207508 1271 145993 4987 122680 371 0 4020 6079 2071912 52 441 0 2 459 172 740 1122 0 0 70
1411217437 1274 145993 4987 122680 371 0 4020 6079 2071912 52 441 0 2 459 172 740 1122 0 0 70
1411217668 1282 145993 4987 122680 371 0 4020 6079 2071912 52 441 0 2 459 172 740 1122 0 0 70
1411237660 1283 145993 4987 122680 371 0 4020 6079 2071912 52 441 0 2 459 172 740 1122 0 0 70
1411593706 1283 145993 4987 122680 371 0 4020 6079 2071912 52 441 0 2 459 172 740 1122 0 0 70
1411678154 1283 145993 4987 122680 371 0 4032 6079 2071912 52 441 0 2 459 172 740 1122 0 0 70
1411678196 1283 145993 4987 122680 371 0 4707 6079 2071912 52 441 0 2 459 172 740 1122 0 0 70
1411743300 1283 145993 4987 122767 371 0 4707 6079 2071912 52 441 0 2 459 172 740 1122 0 0 70
1412029264 1283 145993 4987 122804 371 0 4707 6079 2071912 52 441 0 2 459 172 740 1122 0 0 70
1412030986 1283 145993 4987 122828 371 0 4707 6079 2071912 52 441 0 2 459 172 740 1122 0 0 70
1412111593 1283 145993 4987 122829 371 0 4707 6079 2071912 52 441 0 2 459 172 740 1122 0 0 70
1412120411 1283 145993 4987 122846 371 0 4707 6079 2071912 52 441 0 2 459 172 740 1122 0 0 70
1412121304 1283 145993 4987 122867 371 0 4707 6079 2071912 52 441 0 2 459 172 740 1122 0 0 70
1412121519 1283 145993 4987 122869 371 0 4707 6079 2071912 52 441 0 2 459 172 740 1122 0 0 70
1412179286 1283 145993 4987 122869 371 0 4707 6079 2071912 52 441 0 2 459 172 740 1122 0 0 70
1412272832 1283 145993 4987 122877 371 0 4707 6079 2071912 52 441 0 2 459 172 740 1122 0 0 70
1412276947 1283 145993 4987 122885 371 0 4707 6079 2071912 52 441 0 2 459 172 740 1122 0 0 70
1412298899 1283 145993 4987 122885 371 0 4707 6079 2071912 52 441 0 2 459 172 740 1122 0 0 70
1412333686 1283 145993 4987 122885 371 0 4707 6079 2071912 52 441 0 2 459 172 740 1122 0 0 70
1412335453 1283 155585 4987 122885 371 0 4707 6079 2071912 52 441 0 2 459 172 740 1122 0 0 70
1412347129 1283 155602 4987 122885 371 0 4707 6079 2071912 52 441 0 2 459 172 740 1122 0 0 70
1412610501 1283 155602 4987 122885 371 0 4707 6079 2071912 52 441 0 2 459 172 740 1122 0 0 70
1412715213 1284 155602 4987 122885 371 0 4707 6079 2071912 52 441 0 2 459 172 740 1122 0 0 70
1412718709 1316 155602 4987 122885 371 0 4707 6079 2071912 52 441 0 2 459 172 740 1122 0 0 70
1412805515 1316 155602 5034 122885 371 0 4707 6079 2071912 52 441 0 2 459 172 740 1122 0 0 70
1412809058 1316 155602 5035 122885 371 0 4707 6079 2071912 52 441 0 2 459 172 740 1122 0 0 70
1412970265 1316 155602 5035 122885 371 0 4707 6079 2071912 52 441 0 2 459 172 740 1122 0 0 70
1413644244 5884 155602 5035 122885 371 0 4707 6079 2071912 52 441 0 2 459 172 740 1122 0 0 70
1413649341 5885 155602 5035 122885 371 0 4707 6079 2071912 52 441 0 2 459 172 740 1122 0 0 70
1413649542 5887 155602 5035 122885 371 0 4707 6079 2071912 52 441 0 2 459 172 740 1122 0 0 70
1413659264 5894 155602 5035 122885 371 0 4707 6079 2071912 52 441 0 2 459 172 740 1122 0 0 70
1413885765 5894 155602 5035 122885 371 0 4707 6079 2071912 52 441 0 2 459 172 740 1122 0 0 70
1413887902 5898 155602 5035 122885 371 0 4707 6079 2071912 52 441 0 2 459 172 740 1122 0 0 70
1413888858 5917 155602 5035 122885 371 0 4707 6079 2071912 52 441 0 2 459 172 740 1122 0 0 70
1413889321 5919 155602 5035 122885 371 0 4707 6079 2071912 52 441 0 2 459 172 740 1122 0 0 70
1413890744 5926 155602 5035 122885 371 0 4707 6079 2071912 52 441 0 2 459 172 740 1122 0 0 70
1414099649 5926 155602 5035 122885 371 0 4707 6079 2071912 52 441 0 2 459 172 740 1122 0 0 70
1414619559 5926 155602 5035 122885 598 0 4707 6079 2071912 52 441 0 2 459 172 740 1122 0 0 70
1414624843 5926 155602 5035 122885 628 0 4707 6079 2071912 52 441 0 2 459 172 740 1122 0 0 70
1414711890 5926 155602 5035 122885 841 0 4707 6079 2071912 52 441 0 2 459 172 740 1122 0 0 70
1414713327 5926 155602 5035 122885 844 0 4707 6079 2071912 52 441 0 2 459 172 740 1122 0 0 70
1414713332 5926 155602 5035 122885 846 0 4707 6079 2071912 52 441 0 2 459 172 740 1122 0 0 70
1414715391 5926 155602 5035 122885 873 0 4707 6079 2071912 52 441 0 2 459 172 740 1122 0 0 70
1414717112 5926 155602 5035 122885 875 0 4707 6079 2071912 52 441 0 2 459 172 740 1122 0 0 70
1414734133 5926 155602 5035 122885 901 0 4707 6079 2071912 52 441 0 2 459 172 740 1122 0 0 70
1414735802 5926 155602 5035 122885 925 0 4707 6079 2071912 52 441 0 2 459 172 740 1122 0 0 70
1414737445 5926 155602 5035 122885 925 0 4707 6079 2071912 52 441 0 2 459 172 740 1122 0 0 70
1414778116 5926 155602 5035 122885 934 0 4707 6079 2071912 52 441 0 2 459 172 740 1122 0 0 70
1414778902 5926 155602 5035 122885 934 0 4709 6079 2071912 52 441 0 2 459 172 740 1122 0 0 70
1414779088 5926 155602 5035 122885 941 0 4709 6079 2071912 52 441 0 2 459 172 740 1122 0 0 70
1414794861 5926 155602 5035 122885 941 0 4711 6079 2071912 52 441 0 2 459 172 740 1122 0 0 70
1414795389 5926 155602 5035 122885 941 0 4713 6079 2071912 52 441 0 2 459 172 740 1122 0 0 70
1414797732 5926 155602 5035 122902 941 0 4713 6079 2071912 52 441 0 2 459 172 740 1122 0 0 70
1414803294 5926 155602 5035 122902 941 0 4713 6079 2071912 52 441 0 2 459 172 740 1122 0 0 70
1415045145 5926 155602 5035 122902 947 0 4713 6079 2071912 52 441 0 2 459 172 740 1122 0 0 70
1415049644 5926 155602 5035 122902 959 0 4713 6079 2071912 52 441 0 2 459 172 740 1122 0 0 70
1415059786 5926 155602 5035 122902 1060 0 4713 6079 2071912 52 441 0 2 459 172 740 1122 0 0 70
1415062445 5926 155602 5035 122902 1070 0 4713 6079 2071912 52 441 0 2 459 172 740 1122 0 0 70
1415063449 5926 155602 5035 122902 1100 0 4713 6079 2071912 52 441 0 2 459 172 740 1122 0 0 70
1415084941 5926 155602 5035 122902 1156 0 4713 6079 2071912 52 441 0 2 459 172 740 1122 0 0 70
1415085447 5926 155602 5035 122902 1162 0 4713 6079 2071912 52 441 0 2 459 172 740 1122 0 0 70
1415143928 5926 155602 5035 122902 1162 0 4713 6079 2071912 52 441 0 2 459 172 740 1122 0 0 70
1415144807 5926 155602 5035 122902 1162 0 4713 6079 2071912 52 441 0 2 459 172 740 1122 0 0 70
1415146931 5926 155602 5035 122902 1266 0 4713 6079 2071912 52 441 0 2 459 172 740 1122 0 0 70
1415148356 5926 155602 5035 122902 1267 0 4713 6079 2071912 52 441 0 2 459 172 740 1122 0 0 70
1415151270 5926 155602 5035 122902 1495 0 4713 6079 2071912 52 441 0 2 459 172 740 1122 0 0 70
1415152236 5926 155602 5035 122902 1561 0 4713 6079 2071912 52 441 0 2 459 172 740 1122 0 0 70
1415152873 5926 155602 5035 122902 1593 0 4713 6079 2071912 52 441 0 2 459 172 740 1122 0 0 70
1415153615 5926 155602 5035 122902 1632 0 4713 6079 2071912 52 441 0 2 459 172 740 1122 0 0 70
1415153706 5926 155602 5035 122902 1633 0 4713 6079 2071912 52 441 0 2 459 172 740 1122 0 0 70
1415160669 5926 155602 5035 122902 1656 0 4713 6079 2071912 52 441 0 2 459 172 740 1122 0 0 70
1415161737 5926 155602 5035 122902 1684 0 4713 6079 2071912 52 441 0 2 459 172 740 1122 0 0 70
1415228452 5926 155602 5035 122902 1705 0 4713 6079 2071912 52 441 0 2 459 172 740 1122 0 0 70
1415232768 5926 155602 5035 122902 1760 0 4713 6079 2071912 52 441 0 2 459 172 740 1122 0 0 70
1415233220 5926 155602 5035 122902 1793 0 4713 6079 2071912 52 441 0 2 459 172 740 1122 0 0 70
1415234671 5926 155602 5035 122902 1824 0 4713 6079 2071912 52 441 0 2 459 172 740 1122 0 0 70
1415239201 5926 155602 5035 122902 1917 0 4713 6079 2071912 52 441 0 2 459 172 740 1122 0 0 70
1415239300 5926 155602 5035 122902 1919 0 4713 6079 2071912 52 441 0 2 459 172 740 1122 0 0 70
1415245221 5926 155602 5035 122902 1919 0 4713 6079 2071912 52 441 0 2 459 172 740 1122 0 0 70
1415246136 5926 155602 5035 122902 1937 0 4713 6079 2071912 52 441 0 2 459 172 740 1122 0 0 70
1415250121 5926 155602 5035 122902 1990 0 4713 6079 2071912 52 441 0 2 459 172 740 1122 0 0 70
1415250362 5926 155602 5035 122902 1997 0 4713 6079 2071912 52 441 0 2 459 172 740 1122 0 0 70
1415250707 5926 155602 5035 122902 2020 0 4713 6079 2071912 52 441 0 2 459 172 740 1122 0 0 70
1415250772 5926 155602 5035 122902 2024 0 4713 6079 2071912 52 441 0 2 459 172 740 1122 0 0 70
1415251084 5926 155602 5035 122902 2062 0 4713 6079 2071912 52 441 0 2 459 172 740 1122 0 0 70
1415260277 5926 155602 5035 122902 2101 0 4713 6079 2071912 52 441 0 2 459 172 740 1122 0 0 70
1415260391 5926 155602 5035 122902 2101 0 4713 6079 2071912 52 441 0 2 459 172 740 1122 0 0 70
1415397251 5926 155602 5035 122902 2103 0 4713 6079 2071912 52 441 0 2 459 172 740 1122 0 0 70
1415397424 5926 155602 5035 122902 2103 0 4713 6079 2071912 52 441 0 2 459 172 740 1122 0 0 70
1415651090 5926 155602 5035 122902 2136 0 4713 6079 2071912 52 441 0 2 459 172 740 1122 0 0 70
1415651334 5926 155602 5035 122902 2149 0 4713 6079 2071912 52 441 0 2 459 172 740 1122 0 0 70
1415652292 5926 155602 5035 122902 2149 0 4713 6079 2071912 52 441 0 2 459 172 740 1122 0 0 70
1415736173 5926 155602 5035 122902 2217 0 4713 6079 2071912 52 441 0 2 459 172 740 1122 0 0 70
1415846704 5926 155602 5035 122902 2219 0 4713 6079 2071912 52 441 0 2 459 172 740 1122 0 0 70
1415854261 5926 155602 5035 122902 2221 0 4713 6079 2071912 52 441 0 2 459 172 740 1122 0 0 70
1415854368 5926 155602 5035 122902 2223 0 4713 6079 2071912 52 441 0 2 459 172 740 1122 0 0 70
1416001591 5926 155602 5035 122902 2252 0 4713 6079 2071912 52 441 0 2 459 172 740 1122 0 0 70
1416001652 5926 155602 5035 122902 2252 0 90069 6079 2071912 52 441 0 2 459 172 740 1122 0 0 70
1416003538 5926 155602 5035 122902 2254 0 90069 6079 2071912 52 441 0 2 459 172 740 1122 0 0 70
1416003676 5926 155602 5035 122902 2258 0 90069 6079 2071912 52 441 0 2 459 172 740 1122 0 0 70
1416003865 5926 155602 5035 122902 2261 0 90069 6079 2071912 52 441 0 2 459 172 740 1122 0 0 70
1416004324 5926 155602 5035 122902 2261 0 90651 6079 2071912 52 441 0 2 459 172 740 1122 0 0 70
1416005742 5926 155602 5035 122902 2261 0 90652 6079 2071912 52 441 0 2 459 172 740 1122 0 0 70
1416007742 5926 155602 5035 122902 2261 0 90655 6079 2071912 52 441 0 2 459 172 740 1122 0 0 70
1416010010 5926 155602 5035 122902 2264 0 90655 6079 2071912 52 441 0 2 459 172 740 1122 0 0 70
1416013630 5926 155602 5035 122902 2270 0 90655 6079 2071912 52 441 0 2 459 172 740 1122 0 0 70
1416013641 5926 155602 5035 122902 2276 0 90655 6079 2071912 52 441 0 2 459 172 740 1122 0 0 70
1416269796 5926 155602 5035 122902 2316 0 90655 6079 2071912 52 441 0 2 459 172 740 1122 0 0 70
1416270082 5926 155602 5035 122902 2392 0 90655 6079 2071912 52 441 0 2 459 172 740 1122 0 0 70
1416271485 5926 155602 5035 122902 2392 0 90655 6079 2071912 52 441 0 2 459 172 740 1122 0 0 70
1416272376 5926 155602 5035 122902 2392 0 90655 6079 2071912 52 441 0 2 459 172 740 1122 0 0 70
1416272688 5926 155602 5035 122902 2392 0 90658 6079 2071912 52 441 0 2 459 172 740 1122 0 0 70
1416280546 5926 155602 5035 122902 2392 0 90667 6079 2071912 52 441 0 2 459 172 740 1122 0 0 70
1416335225 5926 155602 5035 122902 2392 0 90667 6079 2071912 52 441 0 2 459 172 740 1122 0 0 70
1416369582 5926 155602 5035 122902 2402 0 90667 6079 2071912 52 441 0 2 459 172 740 1122 0 0 70
1416376470 5926 155602 5035 122902 2402 0 90668 6079 2071912 52 441 0 2 459 172 740 1122 0 0 70
1416392096 5926 155602 5035 122902 2402 0 90668 6079 2071912 52 441 0 2 459 172 740 1122 0 0 70
1416427001 5926 155602 5035 122902 2402 0 90668 6079 2071912 52 441 0 2 459 172 740 1122 0 0 70
1416439814 5926 155602 5035 122902 2402 0 90668 6079 2071912 52 441 0 2 459 172 740 1122 0 0 70
1416520806 5926 155602 5060 122902 2402 0 90668 6079 2071912 52 441 0 2 459 172 740 1122 0 0 70
1416521874 5926 155602 5063 122902 2402 0 90668 6079 2071912 52 441 0 2 459 172 740 1122 0 0 70
1416523965 5926 155602 5064 122902 2402 0 90668 6079 2071912 52 441 0 2 459 172 740 1122 0 0 70
1416525274 5926 155602 5067 122902 2402 0 90668 6079 2071912 52 441 0 2 459 172 740 1122 0 0 70
1416528220 5926 155602 5071 122902 2402 0 90668 6079 2071912 52 441 0 2 459 172 740 1122 0 0 70
1416529311 5926 155602 5072 122902 2402 0 90668 6079 2071912 52 441 0 2 459 172 740 1122 0 0 70
1416530851 5926 155602 5073 122902 2402 0 90668 6079 2071912 52 441 0 2 459 172 740 1122 0 0 70
1416531436 5926 155602 5073 122902 2402 0 90668 6079 2071912 52 441 0 2 459 172 740 1122 0 0 70
1416544771 5926 155602 5073 122902 2507 0 90668 6079 2071912 52 441 0 2 459 172 740 1122 0 0 70
1416547809 5926 155602 5073 122902 2539 0 90668 6079 2071912 52 441 0 2 459 172 740 1122 0 0 70
1416548168 5926 155602 5073 122902 2585 0 90668 6079 2071912 52 441 0 2 459 172 740 1122 0 0 70
1416552465 5926 155602 5073 122902 2585 0 90668 6079 2071912 52 441 0 2 459 172 740 1122 0 0 70
1416614327 5926 155602 5073 122902 2619 0 90668 6079 2071912 52 441 0 2 459 172 740 1122 0 0 70
1416615064 5926 155602 5073 122902 2653 0 90668 6079 2071912 52 441 0 2 459 172 740 1122 0 0 70
1416617986 5926 155602 5073 122902 2790 0 90668 6079 2071912 52 441 0 2 459 172 740 1122 0 0 70
1416618766 5926 155602 5073 122902 2792 0 90668 6079 2071912 52 441 0 2 459 172 740 1122 0 0 70
1416621086 5926 155602 5073 152544 2849 0 90668 6079 2071912 52 441 0 2 459 172 740 1122 0 0 70
1416848993 5926 155602 5073 152544 2849 0 90668 6079 2071912 52 441 0 2 459 172 740 1122 0 0 70
1416854096 5926 155602 5073 152544 2849 0 90668 6079 2071912 52 441 0 2 459 172 740 1122 0 0 70
1416856064 5926 155602 5073 152571 2849 0 90668 6079 2071912 52 441 0 2 459 172 740 1122 0 0 70
1416897842 5926 155602 5073 152571 2849 0 90669 6079 2071912 52 441 0 2 459 172 740 1122 0 0 70
1416898326 5926 155602 5073 152571 2849 0 90669 6079 2071912 52 441 0 2 459 172 740 1122 0 0 70
1416899099 5926 155602 5073 152571 2849 0 90670 6079 2071912 52 441 0 2 459 172 740 1122 0 0 70
1416899146 5926 155602 5073 152571 2849 0 90670 6079 2071912 52 441 0 2 459 172 740 1122 0 0 70
1416927048 5926 155602 5073 152571 2849 0 90670 6079 2071912 52 441 0 2 459 172 740 1122 0 0 70
1416934814 5926 155602 5073 152571 2849 0 90670 6079 2071912 52 441 0 2 459 172 740 1122 0 0 70
1416936183 5926 155602 5073 152571 2849 0 90670 6079 2071912 52 441 0 2 459 172 740 1122 0 0 70
1416944420 5926 155602 5073 152571 2849 0 90670 6079 2071912 52 441 0 2 459 172 740 1122 0 0 70
1416951005 5926 155602 5073 152571 2849 0 90670 6079 2071912 1079 441 0 2 459 172 740 1122 0 0 70
1416952455 5926 155602 5073 152571 2908 0 90670 6079 2071912 1079 441 0 2 459 172 740 1122 0 0 70
1416953684 5926 155602 5073 152571 2914 0 90670 6079 2071912 1079 441 0 2 459 172 740 1122 0 0 70
1416960498 5926 155602 5073 152571 2914 0 90670 6079 2071912 1083 441 0 2 459 172 740 1122 0 0 70
1417028266 5926 155602 5073 152571 2914 0 90670 6079 2071912 1762 441 0 2 459 172 740 1122 0 0 70
1417029938 5926 155602 5073 152571 2914 0 90670 6079 2071912 87436 441 0 2 459 172 740 1122 0 0 70
1417159773 5926 155602 5073 152571 2914 0 90670 6079 2071912 87436 441 0 2 459 172 740 1122 0 0 70
1417161860 5926 155602 5073 152572 2914 0 90670 6079 2071912 87436 441 0 2 459 172 740 1122 0 0 70
1417292927 5926 155602 5073 152572 2914 0 90670 6079 2071912 87436 441 0 2 459 172 740 1122 0 0 70
1417392538 5926 155602 5073 152572 2914 0 90670 6079 2071912 87437 441 0 2 459 172 740 1122 0 0 70
1417395556 5926 155602 5073 152572 2914 0 90671 6079 2071912 87437 441 0 2 459 172 740 1122 0 0 70
1417428557 5926 155602 5073 152572 2914 0 90671 6079 2071912 87437 441 0 2 459 172 740 1122 0 0 70
1417476432 5926 155602 5073 152572 2914 0 90671 6079 2071912 87437 441 0 2 459 172 740 1122 0 0 70
1417563064 5926 155602 5073 152572 2914 0 90671 6079 2071912 87437 441 0 2 459 172 740 1122 0 0 70
1417564422 5926 155602 5073 152572 2914 0 90671 6079 2071912 87437 441 0 2 459 172 740 1122 0 0 70
1417579075 5926 155602 5073 152572 2914 0 90671 6079 2071912 87437 441 0 2 459 172 740 1122 0 0 70
1417648955 5926 155602 5073 153109 2918 0 90671 6079 2071912 87437 441 0 2 459 172 740 1122 0 0 70
1417664443 5926 155602 5073 153110 2918 0 90671 6079 2071912 87437 441 0 2 459 172 740 1122 0 0 70
1417664671 5926 155602 5073 153321 2918 0 90671 6079 2071912 87437 441 0 2 459 172 740 1122 0 0 70
1417665600 5926 155602 5073 153362 2918 0 90671 6079 2071912 87437 441 0 2 459 172 740 1122 0 0 70
1417748852 5926 155602 5073 153362 2918 0 90671 6079 2071912 87437 441 0 2 459 172 740 1122 0 0 70
1417798124 5926 155602 5073 153370 2918 0 90671 6079 2071912 87437 441 0 2 459 172 740 1122 0 0 70
1417804183 5926 155602 5073 153370 2918 0 90671 6079 2071912 87437 441 0 2 459 172 740 1122 0 0 70
1417816537 5926 155602 5073 153370 2926 0 90671 6079 2071912 87437 441 0 2 459 172 740 1122 0 0 70
1417820934 5926 155602 5073 153370 2938 0 90671 6079 2071912 87437 441 0 2 459 172 740 1122 0 0 70
1417820946 5926 155602 5073 153370 2948 0 90671 6079 2071912 87437 441 0 2 459 172 740 1122 0 0 70
1417820950 5926 155602 5073 153370 2954 0 90671 6079 2071912 87437 441 0 2 459 172 740 1122 0 0 70
1417820980 5926 155602 5073 153370 2956 0 90671 6079 2071912 87437 441 0 2 459 172 740 1122 0 0 70
1417823295 5926 155602 5073 153372 2956 0 90671 6079 2071912 87437 441 0 2 459 172 740 1122 0 0 70
1417824637 5926 155602 5073 153372 2956 0 90671 6079 2071912 87437 441 0 2 459 172 740 1122 0 0 70
1418059433 5926 155602 5073 153374 2956 0 90671 6079 2071912 87437 441 0 2 459 172 740 1122 0 0 70
1418081871 5926 155602 5073 153374 2956 0 90671 6079 2071912 87990 441 0 2 459 172 740 1122 0 0 70
1418087003 5926 155602 5073 153374 2956 0 90671 6079 2071912 87990 441 0 2 459 172 740 1122 0 0 70
1418087638 5926 155602 5073 153376 2956 0 90671 6079 2071912 87990 441 0 2 459 172 740 1122 0 0 70
1418147336 5926 155602 5073 153376 2956 0 90671 6079 2071912 87990 441 0 2 459 172 740 1122 0 0 70
1418151372 5926 155602 5073 153376 2956 0 90671 6079 2071912 87990 441 0 2 459 172 740 1122 0 0 70
1418171326 5926 155602 5073 153400 2956 0 90671 6079 2071912 87990 441 0 2 459 172 740 1122 0 0 70
1418172269 5926 155602 5073 153400 2956 0 90671 6079 2071912 87990 441 0 2 459 172 740 1122 0 0 70
1418249986 5926 155602 5073 153400 2956 0 90671 6079 2071912 87990 441 0 2 459 172 740 1122 0 0 70
1418260039 5926 155602 5073 153400 2956 0 90671 6079 2071912 87990 441 0 2 459 172 740 1122 0 0 70
1418434884 5926 155602 5073 153407 2956 0 90671 6079 2071912 87990 441 0 2 459 172 740 1122 0 0 70
1418670945 5926 155602 5073 153407 2956 0 90671 6079 2071912 87990 441 0 2 459 172 740 1122 0 0 70
1418676899 5926 155602 5073 153407 2956 0 90671 6079 2071912 87990 441 0 2 459 172 740 1122 0 0 70
1418683401 5926 155602 5073 165434 2956 0 90671 6079 2071912 87990 441 0 2 459 172 740 1122 0 0 70
1418685995 5926 155602 5073 165434 2956 0 90671 6079 2071912 87990 441 0 2 459 172 740 1122 0 0 70
1418688968 5926 155602 5073 165434 2956 0 90671 6079 2071912 87990 441 0 2 459 172 740 1122 0 0 70
1418689247 5926 155602 5073 165438 2956 0 90671 6079 2071912 87990 441 0 2 459 172 740 1122 0 0 70
1418695672 5926 155602 5073 166133 2956 0 90671 6079 2071912 87990 441 0 2 459 172 740 1122 0 0 70
1418944716 5926 155602 5073 166347 2956 0 90671 6079 2071912 87990 441 0 2 459 172 740 1122 0 0 70
1418944973 5926 155602 5073 166350 2956 0 90671 6079 2071912 87990 441 0 2 459 172 740 1122 0 0 70
1418945182 5926 155602 5073 166356 2956 0 90671 6079 2071912 87990 441 0 2 459 172 740 1122 0 0 70
1419034154 5926 155602 5073 166357 2956 0 90671 6079 2071912 87990 441 0 2 459 172 740 1122 0 0 70
1419034423 5926 155602 5073 166492 2956 0 90671 6079 2071912 87990 441 0 2 459 172 740 1122 0 0 70
1419039992 5926 155602 5073 166498 2956 0 90671 6079 2071912 87990 441 0 2 459 172 740 1122 0 0 70
1419269125 5926 155602 5081 166498 2956 0 90671 6079 2071912 87990 441 0 2 459 172 740 1122 0 0 70
1419270223 5926 155602 5081 166498 2956 0 90671 6079 2071912 87990 441 0 2 459 172 740 1122 0 0 70
1419274549 5926 155602 5081 166498 2956 0 90671 6079 2071912 87990 441 0 2 459 172 740 1122 0 0 70
1419298089 5926 155602 5081 166498 2956 0 90671 6079 2071912 87990 441 0 2 459 172 740 1122 0 0 70
1419350592 5926 155602 5081 166498 2956 0 90671 6079 2071912 87990 441 0 2 459 172 740 1122 0 0 70
1419372314 5926 155602 5086 166498 2956 0 90671 6079 2071912 87990 441 0 2 459 172 740 1122 0 0 70
1419372894 5926 155602 5087 166498 2956 0 90671 6079 2071912 87990 441 0 2 459 172 740 1122 0 0 70
1419373025 5926 155602 5089 166498 2956 0 90671 6079 2071912 87990 441 0 2 459 172 740 1122 0 0 70
1419373921 5926 155602 5095 166498 2956 0 90671 6079 2071912 87990 441 0 2 459 172 740 1122 0 0 70
1419374180 5926 155602 5096 166498 2956 0 90671 6079 2071912 87990 441 0 2 459 172 740 1122 0 0 70
1419374308 5926 155602 5101 166498 2956 0 90671 6079 2071912 87990 441 0 2 459 172 740 1122 0 0 70
1419376168 5926 155602 5103 166498 2956 0 90671 6079 2071912 87990 441 0 2 459 172 740 1122 0 0 70
1419457477 5926 155602 5103 166498 2956 0 90671 6079 2071912 87990 441 0 2 459 172 740 1122 0 0 70
1419627785 6241 155602 5103 166498 2956 0 90671 6079 2071912 87990 441 0 2 459 172 740 1122 0 0 70
1419628327 6241 155602 5103 166498 2956 0 90671 6079 2071912 87990 441 0 2 459 172 740 1122 0 0 70
1419628453 6241 155602 5103 166498 2956 0 90671 6079 2071912 87990 441 0 2 459 172 740 1122 0 0 70
1419711294 6241 155602 5103 166498 2956 0 90671 6079 2071912 87992 441 0 2 459 172 740 1122 0 0 70
1419719124 6250 155602 5103 166498 2956 0 90671 6079 2071912 87992 441 0 2 459 172 740 1122 0 0 70
1419719940 6312 155602 5103 166498 2956 0 90671 6079 2071912 87992 441 0 2 459 172 740 1122 0 0 70
1419722103 6312 155602 5103 166498 2956 0 90671 6079 2071912 87992 441 0 2 459 172 740 1122 0 0 70
1419757458 6313 155602 5103 166498 2956 0 90671 6079 2071912 87992 441 0 2 459 172 740 1122 0 0 70
1419758474 6315 155602 5103 166498 2956 0 90671 6079 2071912 87992 441 0 2 459 172 740 1122 0 0 70
1419759499 6319 155602 5103 166498 2956 0 90671 6079 2071912 87992 441 0 2 459 172 740 1122 0 0 70
1419762790 6325 155602 5103 166498 2956 0 90671 6079 2071912 87992 441 0 2 459 172 740 1122 0 0 70
1419764096 6337 155602 5103 166498 2956 0 90671 6079 2071912 87992 441 0 2 459 172 740 1122 0 0 70
1419764553 6341 155602 5103 166498 2956 0 90671 6079 2071912 87992 441 0 2 459 172 740 1122 0 0 70
1419764935 6342 155602 5103 166498 2956 0 90671 6079 2071912 87992 441 0 2 459 172 740 1122 0 0 70
1419780517 6342 155602 5103 166498 2956 0 90671 6079 2071912 87992 441 0 2 459 172 740 1122 0 0 70
1419813047 6342 155602 5103 166498 2956 0 90671 6079 2071912 87992 441 0 2 459 172 740 1122 0 0 70
1419886775 6344 155602 5103 166498 2956 0 90671 6079 2071912 87992 441 0 2 459 172 740 1122 0 0 70
1419896667 6344 155602 5103 166498 2956 0 90671 6079 2071912 87992 441 0 2 459 172 740 1122 0 0 70
1419939112 6345 155602 5103 166498 2956 0 90671 6079 2071912 87992 441 0 2 459 172 740 1122 0 0 70
1419941678 6347 155602 5103 166498 2956 0 90671 6079 2071912 87992 441 0 2 459 172 740 1122 0 0 70
1419943241 6350 155602 5103 166498 2956 0 90671 6079 2071912 87992 441 0 2 459 172 740 1122 0 0 70
1419944101 6352 155602 5103 166498 2956 0 90671 6079 2071912 87992 441 0 2 459 172 740 1122 0 0 70
1419944247 6352 155602 5103 166498 2956 0 90671 6079 2071912 87992 441 0 2 459 172 740 1122 0 0 70
1419944416 6356 155602 5103 166498 2956 0 90671 6079 2071912 87992 441 0 2 459 172 740 1122 0 0 70
1419945589 6358 155602 5103 166498 2956 0 90671 6079 2071912 87992 441 0 2 459 172 740 1122 0 0 70
1419955186 6358 155602 5103 166498 2956 0 90671 6079 2071912 87992 441 0 2 459 172 740 1122 0 0 70
1419961755 6358 155602 5103 166498 2956 0 90671 6079 2071912 87992 441 0 2 459 172 740 1122 0 0 70
1419967917 6364 155602 5103 166498 2956 0 90671 6079 2071912 87992 441 0 2 459 172 740 1122 0 0 70
1419969675 6367 155602 5103 166498 2956 0 90671 6079 2071912 87992 441 0 2 459 172 740 1122 0 0 70
1419970502 6370 155602 5103 166498 2956 0 90671 6079 2071912 87992 441 0 2 459 172 740 1122 0 0 70
1419972190 6372 155602 5103 166498 2956 0 90671 6079 2071912 87992 441 0 2 459 172 740 1122 0 0 70
1419976225 6379 155602 5103 166498 2956 0 90671 6079 2071912 87992 441 0 2 459 172 740 1122 0 0 70
1419976613 6381 155602 5103 166498 2956 0 90671 6079 2071912 87992 441 0 2 459 172 740 1122 0 0 70
1419976718 6382 155602 5103 166498 2956 0 90671 6079 2071912 87992 441 0 2 459 172 740 1122 0 0 70
1419977141 6430 155602 5103 166498 2956 0 90671 6079 2071912 87992 441 0 2 459 172 740 1122 0 0 70
1419979718 6430 155602 5103 166498 2956 0 90671 6079 2071912 87992 441 0 2 459 172 740 1122 0 0 70
1419980816 6430 155602 5103 166498 2956 0 90671 6079 2071912 87992 441 0 2 459 172 740 1122 0 0 70
1419981815 6442 155602 5103 166498 2956 0 90671 6079 2071912 87992 441 0 2 459 172 740 1122 0 0 70
1419989215 6442 155602 5103 166498 2956 0 90671 6079 2071912 88932 441 0 2 459 172 740 1122 0 0 70
1419998250 6442 155602 5103 166498 2956 0 90671 6079 2071912 88932 441 0 2 459 172 740 1122 0 0 70
1420017222 6448 155602 5103 166498 2956 0 90671 6079 2071912 88932 441 0 2 459 172 740 1122 0 0 70
1420017428 6477 155602 5103 166498 2956 0 90671 6079 2071912 88932 441 0 2 459 172 740 1122 0 0 70
1420017444 6478 155602 5103 166498 2956 0 90671 6079 2071912 88932 441 0 2 459 172 740 1122 0 0 70
1420024284 6478 155602 5103 166498 2956 0 90671 6079 2071912 88932 441 0 2 459 172 740 1122 0 0 70
1420034465 6483 155602 5103 166498 2956 0 90671 6079 2071912 88932 441 0 2 459 172 740 1122 0 0 70
1420034806 6484 155602 5103 166498 2956 0 90671 6079 2071912 88932 441 0 2 459 172 740 1122 0 0 70
1420038824 6485 155602 5103 166498 2956 0 90671 6079 2071912 88932 441 0 2 459 172 740 1122 0 0 70
1420039635 6486 155602 5103 166498 2956 0 90671 6079 2071912 88932 441 0 2 459 172 740 1122 0 0 70
1420041515 6486 155602 5103 166498 2956 0 90671 6079 2071912 88932 441 0 2 459 172 740 1122 0 0 70
1420048974 6486 155602 5103 166498 2956 0 90671 6079 2071912 88932 441 0 2 459 172 740 1122 0 0 70
1420048984 6486 155602 5103 166498 2956 0 90671 6079 2071912 88932 441 0 2 459 172 740 1122 0 0 70
1420051214 6486 155602 5103 166498 2956 0 90671 6079 2071912 88938 441 0 2 459 172 740 1122 0 0 70
1420051819 6486 155602 5105 166498 2956 0 90671 6079 2071912 88938 441 0 2 459 172 740 1122 0 0 70
1420053683 6486 155602 5105 166498 2956 0 90671 6079 2071912 88938 441 0 2 459 172 740 1122 0 0 70
1420054461 6486 155602 5106 166498 2956 0 90671 6079 2071912 88938 441 0 2 459 172 740 1122 0 0 70
1420055372 6502 155602 5106 166498 2956 0 90671 6079 2071912 88938 441 0 2 459 172 740 1122 0 0 70
1420056140 6515 155602 5106 166498 2956 0 90671 6079 2071912 88938 441 0 2 459 172 740 1122 0 0 70
1420057732 6518 155602 5106 166498 2956 0 90671 6079 2071912 88938 441 0 2 459 172 740 1122 0 0 70
1420058061 6519 155602 5106 166498 2956 0 90671 6079 2071912 88938 441 0 2 459 172 740 1122 0 0 70
1420058896 6519 155602 5106 166498 2956 0 90671 6079 2071912 88938 441 0 2 459 172 740 1122 0 0 70
1420062902 6519 155602 5106 166514 2956 0 90671 6079 2071912 88938 441 0 2 459 172 740 1122 0 0 70
1420063654 6519 155602 5106 166624 2956 0 90671 6079 2071912 88938 441 0 2 459 172 740 1122 0 0 70
1420066597 6519 155602 5106 166624 2956 0 90671 6079 2071912 88938 441 0 2 459 172 740 1122 0 0 70
1420068016 6519 155602 5106 166624 2956 0 90671 6079 2071912 88938 441 0 2 459 172 740 1122 0 0 70
1420068671 6519 155602 5106 166624 2956 0 90671 6079 2071912 88939 441 0 2 459 172 740 1122 0 0 70
1420069955 6519 155602 5106 166624 2956 0 90671 6079 2071912 88939 441 0 2 459 172 740 1122 0 0 70
1420072260 6519 155602 5106 166624 2956 0 90671 6079 2071912 88939 441 0 2 459 172 740 1122 0 0 70
1420072935 6519 155602 5106 166624 2956 0 90671 6079 2071912 88939 441 0 2 459 172 740 1122 0 0 70
1420075787 6525 155602 5106 166624 2956 0 90671 6079 2071912 88939 441 0 2 459 172 740 1122 0 0 70
1420076628 6529 155602 5106 166624 2956 0 90671 6079 2071912 88939 441 0 2 459 172 740 1122 0 0 70
1420078816 6529 155602 5106 166624 2956 0 90671 6079 2071912 88939 441 0 2 459 172 740 1122 0 0 70
1420080807 6529 155602 5106 166624 2956 0 90671 6079 2071912 88939 441 0 2 459 172 740 1122 0 0 70
1420082984 6529 155602 5106 166624 2956 0 90671 6079 2071912 88939 441 0 2 459 172 740 1122 0 0 70
1420085576 6529 155602 5106 166624 2956 0 90671 6079 2071912 88939 441 0 2 459 172 740 1122 0 0 70
1420136506 6529 155602 5107 166624 2956 0 90671 6079 2071912 88939 441 0 2 459 172 740 1122 0 0 70
1420137470 6529 155602 5108 166624 2956 0 90671 6079 2071912 88939 441 0 2 459 172 740 1122 0 0 70
1420137915 6529 155602 5113 166624 2956 0 90671 6079 2071912 88939 441 0 2 459 172 740 1122 0 0 70
1420138377 6529 155602 5114 166624 2956 0 90671 6079 2071912 88939 441 0 2 459 172 740 1122 0 0 70
1420138854 6529 155602 5115 166624 2956 0 90671 6079 2071912 88939 441 0 2 459 172 740 1122 0 0 70
1420139456 6529 155602 5116 166624 2956 0 90671 6079 2071912 88939 441 0 2 459 172 740 1122 0 0 70
1420143022 6532 155602 5116 166624 2956 0 90671 6079 2071912 88939 441 0 2 459 172 740 1122 0 0 70
1420144107 6532 155602 5116 166624 2956 0 90671 6079 2071912 88939 441 0 2 459 172 740 1122 0 0 70
1420240487 6532 155602 5116 166624 2956 0 90671 6079 2071912 88939 441 0 2 459 172 740 1122 0 0 70
1420255222 6532 155602 5116 166624 2956 0 90671 6079 2071912 88939 441 0 2 459 172 740 1122 0 0 70
1420483728 6532 155602 5116 166624 2956 0 90671 6079 2071912 88939 441 0 2 459 172 740 1122 0 0 70
1420483871 6532 155602 5116 166630 2956 0 90671 6079 2071912 88939 441 0 2 459 172 740 1122 0 0 70
1420484376 6532 155602 5116 166630 2956 0 90671 6079 2071912 88939 441 0 2 459 172 740 1122 0 0 70
1420486311 6532 155602 5116 166630 2956 0 90671 6079 2071912 88939 441 0 2 459 172 740 1122 0 0 70
1420502337 6532 155602 5117 166630 2956 0 90671 6079 2071912 88939 441 0 2 459 172 740 1122 0 0 70
1420503175 6536 155602 5117 166630 2956 0 90671 6079 2071912 88939 441 0 2 459 172 740 1122 0 0 70
1420515641 6536 155602 5117 166630 2956 0 90671 6079 2071912 88939 441 0 2 459 172 740 1122 0 0 70
1420549112 6538 155602 5117 166630 2956 0 90671 6079 2071912 88939 441 0 2 459 172 740 1122 0 0 70
1420549694 6542 155602 5117 166630 2956 0 90671 6079 2071912 88939 441 0 2 459 172 740 1122 0 0 70
1420550404 6542 155602 5117 166630 2956 0 90671 6079 2071912 88939 441 0 2 459 172 740 1122 0 0 70
1420553274 6546 155602 5117 166630 2956 0 90671 6079 2071912 88939 441 0 2 459 172 740 1122 0 0 70
1420717121 6549 155602 5117 166630 2956 0 90671 6079 2071912 88939 441 0 2 459 172 740 1122 0 0 70
1420718388 6550 155602 5117 166630 2956 0 90671 6079 2071912 88939 441 0 2 459 172 740 1122 0 0 70
1420718423 6613 155602 5117 166630 2956 0 90671 6079 2071912 88939 441 0 2 459 172 740 1122 0 0 70
1420720092 6620 155602 5117 166630 2956 0 90671 6079 2071912 88939 441 0 2 459 172 740 1122 0 0 70
1420721354 6641 155602 5117 166630 2956 0 90671 6079 2071912 88939 441 0 2 459 172 740 1122 0 0 70
1420721466 6642 155602 5117 166630 2956 0 90671 6079 2071912 88939 441 0 2 459 172 740 1122 0 0 70
1420721757 6646 155602 5117 166630 2956 0 90671 6079 2071912 88939 441 0 2 459 172 740 1122 0 0 70
1420729197 6658 155602 5117 166630 2956 0 90671 6079 2071912 88939 441 0 2 459 172 740 1122 0 0 70
1421147541 6658 155602 5117 166630 2956 0 90671 6079 2071912 88939 441 0 2 459 172 740 1122 0 0 70
1421314448 6658 155602 5117 166630 2956 0 90671 6079 2071912 88939 441 0 2 459 172 740 1122 0 0 70
1421316945 6658 155602 5117 166630 2956 0 90671 6079 2071912 88939 441 0 2 459 172 740 1122 0 0 70
1421386139 6658 155602 5117 166630 2956 0 90671 6079 2071912 88939 441 0 2 459 172 740 1122 0 0 70
1421395753 6658 155602 5117 166630 2956 0 90671 6079 2071912 88939 441 3066 2 459 172 740 1122 0 0 70
1421876876 6658 155602 5117 166630 2956 0 90671 6079 2071912 88939 441 18013 2 459 172 740 1122 0 0 70
1421964740 6658 155602 5117 166630 2956 0 90671 6079 2071912 88939 441 18191 2 459 172 740 1122 0 0 70
1421992401 6658 155602 5117 166630 2956 0 90671 6079 2071912 88939 441 18191 2 459 172 740 1122 0 0 70
1422195719 6658 155602 5117 166630 2956 0 90671 6079 2071912 88939 441 18194 2 459 172 740 1122 0 0 70
1422198355 6658 155602 5117 166630 2956 0 90671 6079 2071912 88939 441 18237 2 459 172 740 1122 0 0 70
1422474129 6658 155602 5117 166711 2956 0 90671 6079 2071912 88939 441 18237 2 459 172 740 1122 0 0 70
1422477948 6658 155602 5117 166711 2956 0 90671 6079 2071912 89095 441 18237 2 459 172 740 1122 0 0 70
1422482075 6658 155602 5117 166711 2956 0 90671 6079 2071912 89095 441 18237 2 459 172 740 1122 0 0 70
1422530437 6658 155602 5117 166711 2956 0 90671 6079 2071912 89095 441 18237 2 459 172 740 1122 0 0 70
1422555038 6658 155602 5117 166721 2956 0 90671 6079 2071912 89095 441 18237 2 459 172 740 1122 0 0 70
1422555698 6658 155602 5117 166887 2956 0 90671 6079 2071912 89095 441 18237 2 459 172 740 1122 0 0 70
1422556707 6658 155602 5117 166888 2956 0 90671 6079 2071912 89095 441 18237 2 459 172 740 1122 0 0 70
1422562486 6658 155602 5117 166888 2956 0 90671 6079 2071912 89095 441 18237 2 459 172 740 1122 0 0 70
1422570867 6658 155602 5117 166888 2956 0 90671 6079 2071912 89095 441 18237 2 459 172 740 1122 0 0 70
1422575641 6658 155602 5117 166888 2956 0 90671 6079 2071912 89095 441 42787 2 459 172 740 1122 0 0 70
1422578088 6658 155602 5117 166888 2956 0 90671 6079 2071912 89095 441 42787 2 459 172 740 1122 0 0 70
1423035456 6658 155602 5117 166888 2956 0 90671 6079 2071912 89095 441 42787 2 459 172 740 1122 0 0 70
1423083547 6658 155602 5117 166888 2956 24 90671 6079 2071912 89095 441 42787 2 459 172 740 1122 0 0 70
1423085676 6658 155602 5117 166888 2956 40 90671 6079 2071912 89095 441 42787 2 459 172 740 1122 0 0 70
1423087760 6658 155602 5117 166888 2956 40 90671 6079 2071912 89095 441 42988 2 459 172 740 1122 0 0 70
1423095259 6658 155602 5117 166888 2956 40 90671 6079 2071912 89095 441 42988 2 459 172 740 1122 0 0 70
1423510686 6658 155602 5117 166888 2956 40 90671 6079 2071912 89095 441 42990 2 459 172 740 1122 0 0 70
1423534908 6658 155602 5117 166888 2956 40 90671 6079 2071912 89095 441 42990 2 459 172 740 1122 0 0 70
1423647924 6658 155602 5117 166888 2956 40 90671 6079 2071912 89095 441 42990 2 459 172 740 1122 0 0 70
1423650176 6658 155602 5117 166888 2956 45 90671 6079 2071912 89095 441 42990 2 459 172 740 1122 0 0 70
1423653991 6658 155602 5117 166888 2956 69 90671 6079 2071912 89095 441 42990 2 459 172 740 1122 0 0 70
1423664467 6658 155602 5117 166888 2956 79 90671 6079 2071912 89095 441 42990 2 459 172 740 1122 0 0 70
1423685840 6658 155602 5117 166888 2956 115 90671 6079 2071912 89095 441 42990 2 459 172 740 1122 0 0 70
1423695435 6658 155602 5117 166888 2956 117 90671 6079 2071912 89095 441 42990 2 459 172 740 1122 0 0 70
1423699307 6658 155602 5117 166888 2956 118 90671 6079 2071912 89095 441 42990 2 459 172 740 1122 0 0 70
1423741949 6658 155602 5117 166888 2956 127 90671 6079 2071912 89095 441 42990 2 459 172 740 1122 0 0 70
1423747069 6658 155602 5117 166888 2956 128 90671 6079 2071912 89095 441 42990 2 459 172 740 1122 0 0 70
1423749126 6658 155602 5117 166888 2956 128 90671 6079 2071912 89095 441 42990 2 459 172 740 1122 0 0 70
1423749566 6658 155602 5117 166888 2956 132 90671 6079 2071912 89095 441 42990 2 459 172 740 1122 0 0 70
1423759362 6658 155602 5117 166888 2956 133 90671 6079 2071912 89095 441 42990 2 459 172 740 1122 0 0 70
1423812940 6658 155602 5117 166888 2956 133 90671 6079 2071912 89095 441 42990 2 459 172 740 1122 0 0 70
1423916235 6658 155602 5117 166888 2956 142 90671 6079 2071912 89095 441 42990 2 459 172 740 1122 0 0 70
1423920634 6658 155602 5117 166888 2956 142 90671 6079 2071912 89095 441 42990 2 459 172 740 1122 0 0 70
1423942965 6658 155602 5117 166888 2956 142 90671 6079 2071912 89095 441 42990 2 459 172 740 1122 0 0 70
1423945585 6658 155602 5117 166888 2956 173 90671 6079 2071912 89095 441 42990 2 459 172 740 1122 0 0 70
1423946830 6658 155602 5117 166888 2956 173 90671 6079 2071912 89095 441 42990 2 459 172 740 1122 0 0 70
1423996405 6658 155602 5117 166888 2956 173 90671 6079 2071912 89095 441 42990 2 459 172 740 1122 0 0 70
1424003407 6658 155602 5117 166888 2956 190 90671 6079 2071912 89095 441 42990 2 459 172 740 1122 0 0 70
1424082246 6658 155602 5117 166888 2956 190 90671 6079 2071912 89095 441 42990 2 459 172 740 1122 0 0 70
1424193324 6658 155602 5117 166888 2956 191 90671 6079 2071912 89095 441 42990 2 459 172 740 1122 0 0 70
1424199233 6658 155602 5117 166888 2956 219 90671 6079 2071912 89095 441 42990 2 459 172 740 1122 0 0 70
1424199621 6658 155602 5117 166888 2956 225 90671 6079 2071912 89095 441 42990 2 459 172 740 1122 0 0 70
1424201472 6658 155602 5117 166888 2956 246 90671 6079 2071912 89095 441 42990 2 459 172 740 1122 0 0 70
1424298561 6661 155602 5117 166888 2956 246 90671 6079 2071912 89095 441 42990 2 459 172 740 1122 0 0 70
1424301808 6661 155602 5117 166888 2956 246 90671 6079 2071912 89095 441 42990 2 459 172 740 1122 0 0 70
1424333933 6661 155602 5117 166888 2956 269 90671 6079 2071912 89095 441 42990 2 459 172 740 1122 0 0 70
1424385215 6661 155602 5117 166888 2956 269 90671 6079 2071912 89095 441 43111 2 459 172 740 1122 0 0 70
1424386669 6661 155602 5117 166888 2956 269 90671 6079 2071912 89095 441 43111 2 459 172 740 1122 0 0 70
1424482122 6661 155602 5117 166888 2956 269 90671 6079 2071912 89095 441 43182 2 459 172 740 1122 0 0 70
1424538461 6661 155602 5117 166888 2956 306 90671 6079 2071912 89095 441 43182 2 459 172 740 1122 0 0 70
1424731006 6661 155602 5117 166888 2956 306 90671 6079 2071912 89095 441 43182 2 459 172 740 1122 0 0 70
1424735996 6661 155602 5117 166888 2956 306 90671 6079 2071912 89095 441 43182 2 459 172 740 1122 0 0 70
1424810309 6661 155602 5117 166888 2956 306 90671 6079 2071912 89095 441 43182 2 459 172 740 1122 0 0 70
1424853511 6661 155602 5117 166888 2956 340 90671 6079 2071912 89095 441 43182 2 459 172 740 1122 0 0 70
1424860363 6661 155602 5117 166888 2956 340 90671 6079 2071912 89095 441 43182 2 459 172 740 1122 0 0 70
1424861818 6661 155602 5117 166888 2956 340 90671 6079 2071912 89095 441 43182 2 459 172 740 1122 0 0 70
1424906632 6661 155602 5117 166888 2956 340 90671 6079 2071912 89095 441 43182 2 459 172 740 1122 0 0 70
1424999231 6661 155602 5117 166888 2956 340 90671 6079 2071912 89095 441 43182 2 459 172 740 1122 0 0 70
1425000085 6661 155602 5117 166888 2956 340 90671 6079 2071912 89095 441 43182 2 459 172 740 1122 0 0 70
1425001113 6661 155602 5117 166888 2956 340 90671 6079 2071912 89095 441 43183 2 459 172 740 1122 0 0 70
1425011415 6661 155602 5117 166888 2956 340 90671 6079 2071912 89095 441 43183 2 459 172 740 1122 0 0 70
1425175070 6661 155602 5117 166888 2956 340 90671 6079 2071912 89095 441 43183 2 459 172 740 1122 0 0 70
1425294129 6721 155602 5117 166888 2956 340 90671 6079 2071912 89095 441 43183 2 459 172 740 1122 0 0 70
1425297552 6812 155602 5117 166888 2956 340 90671 6079 2071912 89095 441 43183 2 459 172 740 1122 0 0 70
1425300406 6825 155602 5117 166888 2956 340 90671 6079 2071912 89095 441 43183 2 459 172 740 1122 0 0 70
1425302952 6832 155602 5117 166888 2956 340 90671 6079 2071912 89095 441 43183 2 459 172 740 1122 0 0 70
1425304765 6839 155602 5117 166888 2956 340 90671 6079 2071912 89095 441 43183 2 459 172 740 1122 0 0 70
1425305972 6847 155602 5117 166888 2956 340 90671 6079 2071912 89095 441 43183 2 459 172 740 1122 0 0 70
1425309166 6857 155602 5117 166888 2956 340 90671 6079 2071912 89095 441 43183 2 459 172 740 1122 0 0 70
1425318422 6858 155602 5117 166888 2956 340 90671 6079 2071912 89095 441 43183 2 459 172 740 1122 0 0 70
1425318510 6859 155602 5117 166888 2956 340 90671 6079 2071912 89095 441 43183 2 459 172 740 1122 0 0 70
1425339081 6861 155602 5117 166888 2956 340 90671 6079 2071912 89095 441 43183 2 459 172 740 1122 0 0 70
1425386182 6861 155602 5117 166888 2956 350 90671 6079 2071912 89095 441 43183 2 459 172 740 1122 0 0 70
1425398868 6861 155602 5117 166888 2956 387 90671 6079 2071912 89095 441 43183 2 459 172 740 1122 0 0 70
1425399055 6861 155602 5117 166888 2956 388 90671 6079 2071912 89095 441 43183 2 459 172 740 1122 0 0 70
1425399654 6861 155602 5117 166888 2956 388 90671 6079 2071912 89095 441 43183 2 459 172 740 1122 0 0 70
1425401331 6861 155602 5117 166888 2956 389 90671 6079 2071912 89095 441 43183 2 459 172 740 1122 0 0 70
1425415562 6862 155602 5117 166888 2956 389 90671 6079 2071912 89095 441 43183 2 459 172 740 1122 0 0 70
1425418519 6868 155602 5117 166888 2956 389 90671 6079 2071912 89095 441 43183 2 459 172 740 1122 0 0 70
1425418709 6869 155602 5117 166888 2956 389 90671 6079 2071912 89095 441 43183 2 459 172 740 1122 0 0 70
1425423669 6872 155602 5117 166888 2956 389 90671 6079 2071912 89095 441 43183 2 459 172 740 1122 0 0 70
1425425054 6879 155602 5117 166888 2956 389 90671 6079 2071912 89095 441 43183 2 459 172 740 1122 0 0 70
1425430038 6880 155602 5117 166888 2956 389 90671 6079 2071912 89095 441 43183 2 459 172 740 1122 0 0 70
1425491065 6880 155602 5117 166888 2956 389 90671 6079 2071912 89095 441 43183 2 459 172 740 1122 0 0 70
1425499227 6880 155602 5117 166888 2956 389 90671 6079 2071912 89095 441 43183 2 459 172 740 1122 0 0 70
1425573602 6880 155602 5117 166888 2956 389 90671 6079 2074708 89095 441 43183 2 459 172 740 1122 0 0 70
1425579852 6912 155602 5117 166888 2956 389 90671 6079 2074708 89095 441 43183 2 459 172 740 1122 0 0 70
1425580181 6929 155602 5117 166888 2956 389 90671 6079 2074708 89095 441 43183 2 459 172 740 1122 0 0 70
1425580199 6929 155602 5117 166888 2956 389 90671 6079 2074708 89095 441 43183 2 459 172 740 1122 0 0 70
1425584891 6930 155602 5117 166888 2956 389 90671 6079 2074708 89095 441 43183 2 459 172 740 1122 0 0 70
1425585012 7035 155602 5117 166888 2956 389 90671 6079 2074708 89095 441 43183 2 459 172 740 1122 0 0 70
1425585135 7036 155602 5117 166888 2956 389 90671 6079 2074708 89095 441 43183 2 459 172 740 1122 0 0 70
1425642847 7038 155602 5117 166888 2956 389 90671 6079 2074708 89095 441 43183 2 459 172 740 1122 0 0 70
1425645889 7042 155602 5117 166888 2956 389 90671 6079 2074708 89095 441 43183 2 459 172 740 1122 0 0 70
1425646675 7045 155602 5117 166888 2956 389 90671 6079 2074708 89095 441 43183 2 459 172 740 1122 0 0 70
1425665796 7052 155602 5117 166888 2956 389 90671 6079 2074708 89095 441 43183 2 459 172 740 1122 0 0 70
1425666647 7054 155602 5117 166888 2956 389 90671 6079 2074708 89095 441 43183 2 459 172 740 1122 0 0 70
1425684387 7074 155602 5117 166888 2956 389 90671 6079 2074708 89095 441 43183 2 459 172 740 1122 0 0 70
1425684412 7082 155602 5117 166888 2956 389 90671 6079 2074708 89095 441 43183 2 459 172 740 1122 0 0 70
1425684424 7088 155602 5117 166888 2956 389 90671 6079 2074708 89095 441 43183 2 459 172 740 1122 0 0 70
1425736224 7088 155602 5117 166888 2956 455 90671 6079 2074708 89095 441 43183 2 459 172 740 1122 0 0 70
1425736917 7088 155602 5117 166888 2956 464 90671 6079 2074708 89095 441 43183 2 459 172 740 1122 0 0 70
1425737446 7088 155602 5117 166888 2956 473 90671 6079 2074708 89095 441 43183 2 459 172 740 1122 0 0 70
1425738381 7088 155602 5117 166888 2956 482 90671 6079 2074708 89095 441 43183 2 459 172 740 1122 0 0 70
1425740396 7088 155602 5117 166888 2956 485 90671 6079 2074708 89095 441 43183 2 459 172 740 1122 0 0 70
1425742321 7088 155602 5117 166888 2956 486 90671 6079 2074708 89095 441 43183 2 459 172 740 1122 0 0 70
1425744473 7088 155602 5117 166888 2956 489 90671 6079 2074708 89095 441 43183 2 459 172 740 1122 0 0 70
1425746565 7088 155602 5117 166888 2956 492 90671 6079 2074708 89095 441 43183 2 459 172 740 1122 0 0 70
1425746959 7088 155602 5117 166888 2956 495 90671 6079 2074708 89095 441 43183 2 459 172 740 1122 0 0 70
1425748701 7088 155602 5117 166888 2956 498 90671 6079 2074708 89095 441 43183 2 459 172 740 1122 0 0 70
1425752033 7088 155602 5117 166888 2956 500 90671 6079 2074708 89095 441 43183 2 459 172 740 1122 0 0 70
1425752350 7088 155602 5117 166888 2956 502 90671 6079 2074708 89095 441 43183 2 459 172 740 1122 0 0 70
1425923116 7088 155602 5117 166888 2956 515 90671 6079 2074708 89095 441 43183 2 459 172 740 1122 0 0 70
1425984032 7088 155602 5117 166888 2956 546 90671 6079 2074708 89095 441 43183 2 459 172 740 1122 0 0 70
1425986540 7088 155602 5117 166888 2956 547 90671 6079 2074708 89095 441 43183 2 459 172 740 1122 0 0 70
1425988138 7088 155602 5117 166888 2956 550 90671 6079 2074708 89095 441 43183 2 459 172 740 1122 0 0 70
1425994600 7088 155602 5117 166888 2956 554 90671 6079 2074708 89095 441 43183 2 459 172 740 1122 0 0 70
1425995935 7089 155602 5117 166888 2956 554 90671 6079 2074708 89095 441 43183 2 459 172 740 1122 0 0 70
1425995963 7089 155602 5117 166888 2956 554 90671 6079 2074708 89095 441 43183 2 459 172 740 1122 0 0 70
1425997492 7089 155602 5117 166888 2956 572 90671 6079 2074708 89095 441 43183 2 459 172 740 1122 0 0 70
1425997656 7089 155602 5117 166888 2956 573 90671 6079 2074708 89095 441 43183 2 459 172 740 1122 0 0 70
1425999869 7089 155602 5117 166888 2956 578 90671 6079 2074708 89095 441 43183 2 459 172 740 1122 0 0 70
1426002006 7089 155602 5117 166888 2956 579 90671 6079 2074708 89095 441 43183 2 459 172 740 1122 0 0 70
1426106048 7089 155602 5117 166888 2956 651 90671 6079 2074708 89095 441 43183 2 459 172 740 1122 0 0 70
1426107057 7089 155602 5117 166888 2956 657 90671 6079 2074708 89095 441 43183 2 459 172 740 1122 0 0 70
1426107147 7089 155602 5117 166888 2956 663 90671 6079 2074708 89095 441 43183 2 459 172 740 1122 0 0 70
1426109249 7089 155602 5117 166888 2956 664 90671 6079 2074708 89095 441 43183 2 459 172 740 1122 0 0 70
1426111920 7089 155602 5117 166888 2956 668 90671 6079 2074708 89095 441 43183 2 459 172 740 1122 0 0 70
1426111994 7089 155602 5117 166888 2956 669 90671 6079 2074708 89095 441 43183 2 459 172 740 1122 0 0 70
1426114057 7089 155602 5117 166888 2956 671 90671 6079 2074708 89095 441 43183 2 459 172 740 1122 0 0 70
1426281191 7089 155602 5117 166888 2956 674 90671 6079 2074708 89095 441 43183 2 459 172 740 1122 0 0 70
1426283178 7089 155602 5117 166888 2956 678 90671 6079 2074708 89095 441 43183 2 459 172 740 1122 0 0 70
1426285389 7089 155602 5117 166888 2956 699 90671 6079 2074708 89095 441 43183 2 459 172 740 1122 0 0 70
1426344577 7089 155602 5117 166888 2956 736 90671 6079 2074708 89095 441 43183 2 459 172 740 1122 0 0 70
1426511969 7104 155602 5117 166888 2956 736 90671 6079 2074708 89095 441 43183 2 459 172 740 1122 0 0 70
1426512317 7123 155602 5117 166888 2956 736 90671 6079 2074708 89095 441 43183 2 459 172 740 1122 0 0 70
1426529427 7135 155602 5117 166888 2956 736 90671 6079 2074708 89095 441 43183 2 459 172 740 1122 0 0 70
1426529766 7166 155602 5117 166888 2956 736 90671 6079 2074708 89095 441 43183 2 459 172 740 1122 0 0 70
1426531525 7184 155602 5117 166888 2956 736 90671 6079 2074708 89095 441 43183 2 459 172 740 1122 0 0 70
1426548906 7184 155602 5117 166888 2956 736 90671 6079 2074708 89095 441 43183 2 459 172 740 1122 0 0 70
1426682239 7184 155602 5117 166888 2956 736 90671 6079 2074708 89095 441 43183 2 459 172 740 1122 0 0 70
1426797932 7184 155602 5117 166888 2956 736 90671 6079 2074708 89095 441 43183 2 459 172 740 1122 0 0 70
1426883088 7184 155602 5117 166888 2956 736 90671 6079 2074708 89095 441 43183 2 459 172 740 1122 0 0 70
1428352369 7184 155602 5117 166917 2956 736 90671 6079 2074708 89095 441 43183 2 459 172 740 1122 0 0 70
1428512028 7184 155602 5117 166917 2956 736 90671 6079 2074708 89095 441 43183 2 459 172 740 1122 0 0 70
1428516462 7184 155602 5117 166917 2956 736 90671 6079 2074708 89095 441 43183 2 459 172 740 1122 0 0 70
1428517086 7184 155602 5117 166917 2956 736 90671 6079 2074708 89095 441 43183 2 459 172 740 1122 0 0 70
1428517775 7184 155602 5132 166917 2956 736 90671 6079 2074708 89095 441 43183 2 459 172 740 1122 0 0 70
1428521455 7184 155602 5132 166917 2956 736 90671 6079 2074708 89095 441 43183 2 459 172 740 1122 0 0 70
1428600976 7184 155602 5139 166917 2956 736 90671 6079 2074708 89095 441 43183 2 459 172 740 1122 0 0 70
1428601739 7184 155602 5139 166964 2956 736 90671 6079 2074708 89095 441 43183 2 459 172 740 1122 0 0 70
1428601893 7184 155602 5139 166993 2956 736 90671 6079 2074708 89095 441 43183 2 459 172 740 1122 0 0 70
1428602450 7184 155602 5139 166993 2956 736 90671 6079 2074708 89095 441 43183 2 459 172 740 1122 0 0 70
1428602796 7184 155602 5139 167188 2956 736 90671 6079 2074708 89095 441 43183 2 459 172 740 1122 0 0 70
1428603971 7184 155602 5139 167188 2956 736 90671 6079 2074708 89095 441 43183 2 459 172 740 1122 0 0 70
1428604853 7184 155602 5139 167214 2956 736 90671 6079 2074708 89095 441 43183 2 459 172 740 1122 0 0 70
1428605475 7184 155602 5139 167218 2956 736 90671 6079 2074708 89095 441 43183 2 459 172 740 1122 0 0 70
1428612719 7184 155602 5139 167218 2956 736 90671 6079 2074708 89095 441 43183 2 459 172 740 1122 0 0 70
1428613975 7184 155602 5141 167218 2956 736 90671 6079 2074708 89095 441 43183 2 459 172 740 1122 0 0 70
1428621611 7184 155602 5142 167218 2956 736 90671 6079 2074708 89095 441 43183 2 459 172 740 1122 0 0 70
1428621890 7184 155602 5142 167221 2956 736 90671 6079 2074708 89095 441 43183 2 459 172 740 1122 0 0 70
1428625195 7184 155602 5142 167221 2956 736 90671 6079 2074708 89095 441 43183 2 459 172 740 1122 0 0 70
1428680058 7184 155602 5143 167221 2956 736 90671 6079 2074708 89095 441 43183 2 459 172 740 1122 0 0 70
1428682708 7184 155602 5145 167221 2956 736 90671 6079 2074708 89095 441 43183 2 459 172 740 1122 0 0 70
1428691113 7184 155602 5148 167221 2956 736 90671 6079 2074708 89095 441 43183 2 459 172 740 1122 0 0 70
